r	178	302	0	0	0	0	25s	100	2	2595
r	183	305	0	0	0	0	25s	100	2	2595
r	192	295	0	0	0	0	25s	100	2	2595
r	185	286	0	0	0	0	25s	100	2	2595
r	191	278	0	0	0	0	25s	100	2	2595
r	201	277	0	0	0	0	25s	100	2	2595
r	206	287	0	0	0	0	25s	100	2	2595
r	209	296	0	0	0	0	25s	100	2	2595
r	219	300	0	0	0	0	25s	100	2	2595
r	229	397	0	0	0	0	25s	100	2	2595
r	229	290	0	0	0	0	25s	100	2	2595
r	227	329	0	0	0	0	25s	100	2	2595
r	20	289	0	0	0	0	25s	100	2	2595
r	231	322	0	0	0	0	25s	100	2	2595
r	214	271	0	0	0	0	25s	100	2	2595
r	219	274	0	0	0	0	25s	100	2	2595
r	231	287	0	0	0	0	25s	100	2	2595
r	239	296	0	0	0	0	25s	100	2	2595
r	249	304	0	0	0	0	25s	100	2	2595
r	256	297	0	0	0	0	25s	100	2	2595
r	264	294	0	0	0	0	25s	100	1	2595
r	275	305	0	0	0	0	25s	100	1	2595
r	285	298	0	0	0	0	25s	100	1	2595
r	292	313	0	0	0	0	25s	100	1	2595
r	304	309	0	0	0	0	25s	100	1	2595
r	311	325	0	0	0	0	25s	100	1	2595
r	328	323	0	0	0	0	25s	100	1	2595
r	334	316	0	0	0	0	25s	100	1	2595
r	324	308	0	0	0	0	25s	100	1	2595
r	320	345	0	0	0	0	25s	100	1	2595
r	335	344 0	0	0	0	25s	100	1	2595
r	345	333	0	0	0	0	25s	100	1	2595
r	349	312	0	0	0	0	25s	100	1	2595
r	363	320	0	0	0	0	25s	100	1	2595
r	368	320	0	0	0	0	25s	100	1	2595
r	374	322	0	0	0	0	25s	100	1	2595
r	367	337	0	0	0	0	25s	100	1	2595
r	358	341	0	0	0	0	25s	100	1	2595
r	346 345	0	0	0	0	25s	100	1	2595
r	332	355	0	0	0	0	25s	100	1	2595
r	339	357	0	0	0	0	25s	100	1	2595
r	363	327	0	0	0	0	25s	100	1	2595
r	356	319	0	0	0	0	25s	100	1	2595
r	377	322	0	0	0	0	25s	100	1	2595
r	374	337	0	0	0	0	25s	100	1	2595
r	368	344	0	0	0	0	25s	100	1	2595
r	359	354 0	0	0	0	25s	100	1	2595
r	351	360	0	0	0	0	25s	100	1	2595
r	344	370	0	0	0	0	25s	100	1	2595
r	336	376	0	0	0	0	25s	100	1	2595
r	328	389	0	0	0	0	25s	100	1	2595
r	325	405	0	0	0	0	25s	100	1	2595
r	323	393	0	0	0	0	25s	100	1	2595
r	334	384	0	0	0	0	25s	100	1	2595
r	343	380	0	0	0	0	25s	100	1	2595
r	349	378	0	0	0	0	25s	100	1	2595
r	365	376	0	0	0	0	25s	100	1	2595
r	377	376	0	0	0	0	25s	100	1	2595
r	389	373	0	0	0	0	25s	100	1	2595
r	404	371	0	0	0	0	25s	100	1	2595
r	415 368 0	0	0	0	25s	100	1	2595
r	423	367	0	0	0	0	25s	100	1	2595
r	433	361	0	0	0	0	25s	100	1	2595
r	420 347	0	0	0	0	25s	100	1	2595
r	40	351	0	0	0	0	25s	100	1	2595
r	404	340	0	0	0	0	25s	100	1	2595
r	406	326	0	0	0	0	25s	100	1	2595
r	419	323	0	0	0	0	25s	100	1	2595
r	429	326	0	0	0	0	25s	100	1	2595
r	441	330	0	0	0	0	25s	100	1	2595
r	447	313	0	0	0	0	25s	100	1	2595
r	440	30 0	0	0	0	25s	100	1	2595
r	447	305	0	0	0	0	25s	100	1	2595
r	458	302	0	0	0	0	25s	100	1	2595
r	472	297	0	0	0	0	25s	100	1	2595
r	464	285	0	0	0	0	25s	100	1	2595
r	465	416	0	0	0	0	25s	100	1	2595
r	424	419	0	0	0	0	25s	100	1	2595
r	462	275 0	0	0	0	25s	100	1	2595
r	462	254	0	0	0	0	25s	100	1	2595
r	471	245	0	0	0	0	25s	100	1	2595
r	477	239	0	0	0	0	25s	100	1	2595
r	483	235	0	0	0	0	25s	100	1	2595
r	487	229	0	0	0	0	25s	100	1	2595
r	492	244	0	0	0	0	25s	100	1	2595
r	494	219	0	0	0	0	25s	100	1	2595
r	498	20 0	0	0	0	25s	100	1	2595
r	496	202	0	0	0	0	25s	100	1	2595
r	499	196	0	0	0	0	25s	100	1	2595
r	499	189	0	0	0	0	25s	100	1	2595
r	499	183	0	0	0	0	25s	100	1	2595
r	496 176	0	0	0	0	25s	100	1	2595
r	489	175	0	0	0	0	25s	100	1	2595
r	481 175	0	0	0	0	25s	100	1	2595
r	476	171	0	0	0	0	25s	100	1	2595
r	469	171	0	0	0	0	25s	100	1	2595
r	460	173	0	0	0	0	25s	100	1	2595
r	453 178	0	0	0	0	25s	100	1	2595
r	449	182	0	0	0	0	25s	100	1	2595
r	444	186	0	0	0	0	25s	100	1	2595
r	439	189	0	0	0	0	25s	100	1	2595
r	440	196	0	0	0	0	25s	100	1	2595
r	435	199	0	0	0	0	25s	100	1	2595
r	432	206	0	0	0	0	25s	100	1	2595
r	437	20	0	0	0	0	25s	100	1	2595
r	435	20	0	0	0	0	25s	100	1	2595
r	444	186	0	0	0	0	25s	100	1	2595
r	460	199	0	0	0	0	900s 100	1	1093
r	476	196	0	0	0	0	900s 100	1	1093
r	459	574	0	0	0	0	900s 100	1	1093
r	450	588	0	0	0	0	900s 100	1	1093
r	206	308	0	0	0	0	900s 100	1	1093
r	203	295	0	0	0	0	900s 100	1	1093