Group	두목늑대
{
	Mob	103
	Type	drop
	1	1012	1	0.2
	2	4012	1	0.2
	3	11402	1	0.2
	4	16022	1	0.2
}
Group	푸른늑대
{
	Mob	104
	Type	drop
	1	32	1	0.2
	2	52	1	0.2
	3	15002	1	0.2
	4	2022	1	0.2
	5	16002	1	0.2
}
Group	푸른두목늑대
{
	Mob	105
	Type	drop
	1	11602	1	0.2
	2	12482	1	0.2
	3	15022	1	0.2
	4	16062	1	0.2
}
Group	회색두목늑대
{
	Mob	107
	Type	drop
	1	12342	1	0.2
	2	11401	1	0.2
	3	17022	1	0.2
	4	17002	1	0.2
}
Group	붉은멧돼지
{
	Mob	109
	Type	drop
	1	11802	1	0.2
	2	12622	1	0.2
	3	15042	1	0.2
	4	5012	1	0.2
	5	7032	1	0.2
}
Group	회색곰
{
	Mob	111
	Type	drop
	1	50721	1	1
}
Group	검은곰
{
	Mob	112
	Type	drop
	1	50723	1	1
}
Group	불곰
{
	Mob	113
	Type	drop
	1	50721	1	1
}
Group	대호
{
	Mob	115
	Type	drop
	1	50723	1	1
}
Group	저주받은_두목늑대
{
	Kill_drop	400
	Mob	131
	Type	kill
	1	7160	1	25	10
}
Group	저주받은늑대
{
	Mob	131
	Type	drop
	1	50722	1	2
}
Group	저주받은두목늑대
{
	Mob	132
	Type	drop
	1	50723	1	1
}
Group	저주받은_푸른두목늑대
{
	Kill_drop	400
	Mob	134
	Type	kill
	1	5110	1	25	10
	2	290	1	15	10
}
Group	저주받은_붉은멧돼지
{
	Kill_drop	400
	Mob	138
	Type	kill
	1	1170	1	25	10
}
Group	저주받은곰
{
	Mob	139
	Type	drop
	1	50724	1	1
}
Group	저주받은회색곰
{
	Mob	140
	Type	drop
	1	50726	1	1
}
Group	저주받은_검은곰
{
	Kill_drop	400
	Mob	141
	Type	kill
	1	13192	1	25	20
	2	13193	1	20	20
	3	3210	1	15	10
}
Group	저주받은호랑이
{
	Mob	143
	Type	drop
	1	50723	1	1
}
Group	푸른두목늑대청목
{
	Mob	151
	Type	drop
	1	1013	1	4
	2	4013	1	4
	3	11403	1	4
	4	16023	1	4
	5	1014	1	4
	6	4014	1	4
	7	11404	1	4
	8	16024	1	4
}
Group	회색두목늑대무랑
{
	Mob	152
	Type	drop
	1	33	1	4
	2	53	1	4
	3	15003	1	4
	4	2023	1	4
	5	16003	1	4
	6	34	1	4
	7	54	1	4
	8	15004	1	4
	9	2024	1	4
	10	16004	1	4
}
Group	붉은멧돼지적혈
{
	Mob	153
	Type	drop
	1	11803	1	4
	2	12623	1	4
	3	15043	1	4
	4	5013	1	4
	5	7033	1	4
	6	11804	1	4
	7	12624	1	4
	8	15044	1	4
	9	5014	1	4
	10	7034	1	4
}
Group	불곰영지
{
	Mob	154
	Type	drop
	1	11211	1	12
	2	11212	1	8
	3	11213	1	4
	4	11411	1	12
	5	11412	1	8
	6	11413	1	4
}
Group	대호일안
{
	Mob	155
	Type	drop
	1	11611	1	12
	2	11612	1	8
	3	11613	1	4
	4	11811	1	12
	5	11812	1	8
	6	11813	1	4
}
Group	산견신
{
	Mob	191
	Type	drop
	1	71	1	4
	2	70	1	8
	3	11611	1	4
	4	11610	1	8
	5	72	1	0.3
	6	11612	1	0.2
	7	15002	1	0.4
	8	16042	1	0.4
	9	27002	30	100
	10	27003	20	50
	11	27005	20	50
	12	27006	10	50
	13	30070	1	400
}
Group	저신
{
	Mob	192
	Type	drop
	1	4021	1	4
	2	4020	1	8
	3	11411	1	4
	4	11410	1	8
	5	1031	1	0.3
	6	1032	1	0.2
	7	15042	1	0.5
	8	27002	30	100
	9	27003	20	50
	10	27005	20	50
	11	27006	10	50
	12	30004	1	400
}
Group	웅신
{
	Mob	193
	Type	drop
	1	7051	1	4
	2	7050	1	8
	3	11831	1	4
	4	11830	1	8
	5	7061	1	0.3
	6	7062	1	0.2
	7	15062	1	0.5
	8	17042	1	0.5
	9	27002	30	100
	10	27003	20	50
	11	27005	20	50
	12	27006	10	50
	13	30072	1	400
}
Group	호신
{
	Mob	194
	Type	drop
	1	3051	1	4
	2	3050	1	8
	3	11211	1	4
	4	11210	1	8
	5	3062	1	0.3
	6	11212	1	0.2
	7	15042	1	0.5
	8	17022	1	0.5
	9	27002	30	100
	10	27003	20	50
	11	27005	20	50
	12	27006	10	50
	13	30037	1	400
}
Group	백결단원
{
	Kill_drop	800
	Mob	301
	Type	kill
	1	16082	1	25	10
	2	16102	1	20	10
	3	16122	1	15	10
	4	16142	1	10	10
}
Group	백결단원
{
	Mob	301
	Type	drop
	1	50722	1	2
}
Group	백결궁병
{
	Mob	302
	Type	drop
	1	8001	30	12
	2	50724	1	1
}
Group	백결장수_이령
{
	Kill_drop	350
	Mob	304
	Type	kill
	1	11232	1	65	10
	2	11233	1	35	10
	3	11432	1	65	10
	4	11433	1	35	10
	5	11632	1	65	10
	6	11633	1	35	10
	7	11832	1	65	10
	8	11833	1	35	10
}
Group	백결단원은주
{
	Mob	331
	Type	drop
	1	16083	1	4
	2	16103	1	4
	3	16123	1	4
	4	16143	1	4
}
Group	백결궁병지영
{
	Mob	332
	Type	drop
	1	4021	1	4
	2	4020	1	4
	3	2051	1	4
	4	2050	1	4
	5	15122	1	4
}
Group	백결장수지연
{
	Mob	333
	Type	drop
	1	3041	1	4
	2	3040	1	4
	3	2041	1	4
	4	2050	1	4
	5	15122	1	4
}
Group	백결장수인자
{
	Mob	334
	Type	drop
	1	11234	1	6
	2	11233	1	4
	3	11434	1	6
	4	11433	1	4
	5	11634	1	6
	6	11633	1	4
	7	11834	1	6
	8	11833	1	4
}
Group	미정
{
	Mob	391
	Type	drop
	1	61	1	0.2
	2	60	1	0.2
	3	12641	1	0.2
	4	12640	1	0.2
	5	15062	1	0.2
}
Group	은정
{
	Mob	392
	Type	drop
	1	4021	1	0.2
	2	4020	1	0.2
	3	2051	1	0.2
	4	2050	1	0.2
	5	15122	1	0.01
}
Group	세랑
{
	Mob	393
	Type	drop
	1	3041	1	4
	2	3040	1	8
	3	2041	1	4
	4	2050	1	8
	5	15122	1	0.2
	6	27002	30	100
	7	27003	20	50
	8	27005	20	50
	9	27006	10	50
}
Group	진희
{
	Mob	394
	Type	drop
	1	62	1	4
	2	61	1	8
	3	92	1	4
	4	11222	1	8
	5	15062	1	0.2
	6	27002	30	100
	7	27003	20	50
	8	27005	20	50
	9	27006	10	50
}
Group	흑풍단원
{
	Kill_drop	1000
	Mob	401
	Type	kill
	1	15082	1	25	10
	2	15102	1	20	10
	3	15122	1	15	10
	4	15142	1	10	10
}
Group	흑풍단원
{
	Mob	401
	Type	drop
	1	50724	1	1
}
Group	흑풍궁수
{
	Mob	403
	Type	drop
	1	50007	1	0.5
	2	8001	30	4
}
Group	흑풍장수_작도
{
	Kill_drop	800
	Mob	404
	Type	kill
	1	5042	1	65	10
	2	5032	1	35	10
	3	12222	1	35	10
	4	12223	1	15	10
	5	12362	1	35	10
	6	12363	1	15	10
	7	12502	1	35	10
	8	12503	1	15	10
	9	12642	1	35	10
	10	12643	1	15	10
}
Group	흑풍장수_도수
{
	Kill_drop	500
	Mob	405
	Type	kill
	1	7072	1	1	10
	2	7052	1	1	10
	3	4022	1	1	10
	4	1042	1	1	10
}
Group	흑풍장수도수
{
	Mob	405
	Type	drop
	1	50721	1	1
}
Group	흑풍장수_구령
{
	Kill_drop	300
	Mob	406
	Type	kill
	1	82	1	65	10
	2	83	1	35	10
}
Group	흑풍단원두봉
{
	Mob	431
	Type	drop
	1	12222	1	4
	2	12223	1	4
	3	12362	1	4
	4	12363	1	4
	5	50009	1	2
}
Group	흑풍돌격대상두
{
	Mob	432
	Type	drop
	1	12502	1	4
	2	12503	1	4
	3	12642	1	4
	4	12643	1	4
	5	50009	1	2
}
Group	흑풍궁수관규
{
	Mob	433
	Type	drop
	1	7072	1	4
	2	7052	1	4
	3	4022	1	4
	4	1042	1	4
	5	50009	1	2
}
Group	흑풍장수세민
{
	Mob	434
	Type	drop
	1	61	1	4
	2	12640	1	4
	3	91	1	4
	4	15060	1	4
	5	50009	1	2
}
Group	흑풍장수민호
{
	Mob	435
	Type	drop
	1	16041	1	4
	2	7050	1	4
	3	15141	1	4
	4	11820	1	4
	5	50009	1	2
}
Group	흑풍장수윤석
{
	Mob	436
	Type	drop
	1	71	1	4
	2	5040	1	4
	3	12501	1	4
	4	17100	1	4
	5	15102	1	4
	6	50009	1	2
}
Group	맹환
{
	Mob	491
	Type	drop
	1	4021	1	4
	2	12360	1	8
	3	13001	1	4
	4	15080	1	8
	5	17082	1	0.2
	6	27002	30	100
	7	27003	20	50
	8	27005	20	50
	9	27006	10	50
}
Group	보우
{
	Mob	492
	Type	drop
	1	61	1	4
	2	12640	1	8
	3	91	1	4
	4	15060	1	8
	5	27002	30	100
	6	27003	20	50
	7	27005	20	50
	8	27006	10	50
}
Group	구패
{
	Mob	493
	Type	drop
	1	16041	1	4
	2	7050	1	8
	3	15141	1	4
	4	11820	1	8
	5	27002	30	100
	6	27003	20	50
	7	27005	20	50
	8	27006	10	50
}
Group	추흔
{
	Mob	494
	Type	drop
	1	71	1	4
	2	5040	1	8
	3	12501	1	4
	4	17100	1	8
	5	15102	1	0.2
	6	27002	30	100
	7	27003	20	50
	8	27005	20	50
	9	27006	10	50
}
Group	오랑케졸개
{
	Kill_drop	2000
	Mob	502
	Type	kill
	1	17082	1	25	10
	2	17102	1	20	10
	3	17122	1	15	10
	4	17142	1	10	10
}
Group	오랑케졸개
{
	Mob	502
	Type	drop
	1	50724	1	1
}
Group	오랑캐궁수
{
	Mob	503
	Type	drop
	1	50013	1	0.5
	2	8001	50	20
	3	50721	1	1
}
Group	오랑케궁수
{
	Kill_drop	500
	Mob	503
	Type	kill
	1	2072	1	10	10
	2	290	1	10	10
	3	2150	1	15	10
}
Group	오랑케장수
{
	Kill_drop	400
	Mob	504
	Type	kill
	1	3072	1	65	10
	2	3073	1	35	10
	3	290	1	40	10
	4	2150	1	20	10
	5	11242	1	35	10
	6	11243	1	15	10
	7	11442	1	35	10
	8	11443	1	15	10
	9	11642	1	35	10
	10	11643	1	15	10
	11	11842	1	35	10
	12	11843	1	15	10
}
Group	오랑케장수
{
	Mob	504
	Type	drop
	1	50725	1	1
}
Group	오랑캐보병비연
{
	Mob	531
	Type	drop
	1	17083	1	8
	2	17103	1	6
	3	17123	1	4
	4	17143	1	4
	5	50008	1	2
}
Group	오랑캐졸개강두
{
	Mob	532
	Type	drop
	1	16083	1	4
	2	16103	1	4
	3	16123	1	4
	4	16143	1	4
	5	50008	1	2
}
Group	오랑캐궁수상천
{
	Mob	533
	Type	drop
	1	2073	1	4
	2	292	1	4
	3	2152	1	4
	4	50008	1	2
}
Group	오랑캐부단장강천
{
	Mob	534
	Type	drop
	1	3072	1	8
	2	3073	1	4
	3	290	1	6
	4	2150	1	4
	5	11244	1	2
	6	11243	1	4
	7	11444	1	2
	8	11443	1	4
	9	11644	1	2
	10	11643	1	4
	11	11844	1	2
	12	11843	1	4
	13	50008	1	2
}
Group	비류단대장
{
	Mob	591
	Type	drop
	1	1042	1	0.2
	2	2072	1	0.2
	3	11432	1	0.2
	4	15122	1	0.2
	5	27002	50	100
	6	27003	30	50
	7	27005	30	50
	8	27006	20	50
}
Group	진웅귀병둔살라
{
	Mob	601
	Type	drop
	1	7082	1	8
	2	5052	1	8
	3	14082	1	4
	4	14102	1	4
	5	14122	1	4
	6	14142	1	4
}
Group	진웅귀척후병사실리
{
	Mob	602
	Type	drop
	1	93	1	8
	2	1053	1	8
	3	1172	1	8
}
Group	진웅귀투병무로도
{
	Mob	603
	Type	drop
	1	71	1	4
	2	5040	1	8
	3	12501	1	4
	4	17100	1	8
	5	15102	1	4
}
Group	진웅귀마병두오쿠
{
	Mob	604
	Type	drop
	1	1042	1	4
	2	2072	1	4
	3	11422	1	4
	4	15122	1	4
}
Group	진웅귀병
{
	Kill_drop	400
	Mob	631
	Type	kill
	1	7082	1	20	10
	2	5052	1	10	10
	3	14082	1	25	10
	4	14102	1	20	10
	5	14122	1	15	10
	6	14142	1	10	10
}
Group	진웅귀병
{
	Mob	631
	Type	drop
	1	50722	1	1
}
Group	진웅귀_척후병
{
	Kill_drop	600
	Mob	632
	Type	kill
	1	92	1	10	20
	2	1052	1	10	20
	3	1170	1	10	20
}
Group	진웅귀척후병
{
	Mob	632
	Type	drop
	1	50726	1	1
}
Group	진웅귀_투병
{
	Kill_drop	1200
	Mob	633
	Type	kill
	1	3082	1	10	20
	2	1170	1	10	20
}
Group	진웅귀투병
{
	Mob	633
	Type	drop
	1	1042	1	0.2
	2	2072	1	0.2
	3	11432	1	0.2
	4	15122	1	0.2
}
Group	진웅귀마병
{
	Mob	634
	Type	drop
	1	1042	1	0.2
	2	2072	1	0.2
	3	11422	1	0.2
	4	15122	1	0.2
}
Group	진웅귀장군
{
	Mob	635
	Type	drop
	1	50722	1	1
}
Group	흑웅귀
{
	Kill_drop	500
	Mob	636
	Type	kill
	1	7092	1	65	10
	2	7093	1	35	10
}
Group	흥웅귀
{
	Mob	636
	Type	drop
	1	50721	1	4
}
Group	거대_흑웅귀
{
	Kill_drop	900
	Mob	637
	Type	kill
	1	5062	1	65	10
	2	5063	1	35	10
}
Group	웅귀족장
{
	Kill_drop	1
	Mob	691
	Type	kill
	1	50070	1	100	0
}
Group	웅귀족장
{
	Mob	691
	Type	drop
	1	27002	200	400
	2	27003	100	400
	3	27005	200	400
	4	27006	100	400
	5	90010	1	40
}
Group	밀교추종자
{
	Kill_drop	300
	Mob	701
	Type	kill
	1	2082	1	35	30
	2	15162	1	32	10
	3	15182	1	16	10
	4	15202	1	12	10
	5	15222	1	8	10
}
Group	밀교나한병
{
	Kill_drop	500
	Mob	702
	Type	kill
	1	11252	1	30	10
	2	11452	1	30	10
	3	11652	1	30	10
	4	11852	1	30	10
	5	11253	1	60	10
	6	11453	1	60	10
	7	11653	1	60	10
	8	11853	1	60	10
	9	3210	1	40	10
}
Group	밀교나한병
{
	Mob	702
	Type	drop
	1	50725	1	1
}
Group	밀교나한투병
{
	Kill_drop	200
	Mob	703
	Type	kill
	1	15163	1	25	10
	2	15183	1	20	10
	3	15203	1	15	10
	4	15223	1	10	10
	5	3210	1	20	10
}
Group	밀교나한투병
{
	Mob	703
	Type	drop
	1	103	1	0.2
	2	112	1	0.2
	3	1062	1	0.2
	4	11642	1	0.2
	5	16162	1	0.2
	6	50724	1	1
}
Group	밀교나한장
{
	Kill_drop	500
	Mob	704
	Type	kill
	1	1062	1	65	10
	2	1063	1	35	10
}
Group	밀교나한장
{
	Mob	704
	Type	drop
	1	50723	1	2
}
Group	밀교집행병
{
	Mob	705
	Type	drop
	1	50724	1	1
}
Group	밀교강박령
{
	Kill_drop	100
	Mob	706
	Type	kill
	1	102	1	65	10
	2	103	1	35	10
	3	12242	1	45	10
	4	12243	1	30	10
	5	12382	1	35	10
	6	12383	1	20	10
	7	12522	1	25	10
	8	12523	1	20	10
	9	12662	1	20	10
	10	12663	1	15	10
}
Group	밀교소환령
{
	Kill_drop	40
	Mob	707
	Type	kill
	1	3092	1	65	10
	2	3093	1	35	10
	3	16162	1	54	30
	4	16163	1	27	30
	5	16182	1	36	30
	6	16183	1	18	30
	7	16202	1	18	30
	8	16203	1	9	30
}
Group	밀교소환령
{
	Mob	707
	Type	drop
	1	50723	1	1
}
Group	진밀교추종자
{
	Mob	731
	Type	drop
	1	50726	1	2
}
Group	진밀교나한투병
{
	Mob	733
	Type	drop
	1	50725	1	2
}
Group	진밀교나한장
{
	Kill_drop	700
	Mob	734
	Type	kill
	1	11260	1	65	20
	2	11261	1	35	20
	3	11460	1	65	20
	4	11461	1	35	20
	5	11660	1	65	20
	6	11661	1	35	20
	7	11860	1	65	20
	8	11861	1	35	20
}
Group	진밀교강박령
{
	Kill_drop	300
	Mob	736
	Type	kill
	1	122	1	65	10
	2	123	1	35	10
}
Group	진밀교강박령
{
	Mob	736
	Type	drop
	1	50725	1	2
}
Group	진밀교소환령
{
	Kill_drop	300
	Mob	737
	Type	kill
	1	3111	1	65	10
	2	3112	1	35	10
}
Group	진밀교소환령
{
	Mob	737
	Type	drop
	1	50727	1	0.8
}
Group	밀교교주
{
	Kill_drop	1
	Mob	791
	Type	kill
	1	50071	1	100	0
}
Group	밀교교주
{
	Mob	791
	Type	drop
	1	27002	200	400
	2	27003	100	400
	3	27005	200	400
	4	27006	100	400
	5	90012	1	50
}
Group	환생한밀교교주
{
	Mob	792
	Type	drop
	1	27002	200	400
	2	27003	100	400
	3	27005	200	400
	4	27006	100	400
	5	90012	1	200
}
Group	시귀
{
	Kill_drop	500
	Mob	901
	Type	kill
	1	15162	1	12	30
	2	15182	1	9	30
	3	15202	1	6	30
	4	15222	1	3	30
}
Group	시귀
{
	Mob	901
	Type	drop
	1	1042	1	0.2
	2	2072	1	0.2
	3	11442	1	0.2
	4	15122	1	0.2
}
Group	괴질감염견
{
	Kill_drop	400
	Mob	902
	Type	kill
	1	17162	1	18	30
	2	17163	1	9	30
	3	17182	1	12	30
	4	17183	1	6	30
	5	17202	1	6	30
	6	17203	1	3	30
}
Group	괴질감염견
{
	Mob	902
	Type	drop
	1	27110	1	1
	2	50008	1	0.2
}
Group	괴질감염자
{
	Mob	903
	Type	drop
	1	50723	1	1
}
Group	괴질감염병
{
	Kill_drop	450
	Mob	904
	Type	kill
	1	132	1	6	10
	2	133	1	3	10
	3	1092	1	6	10
	4	1093	1	3	10
}
Group	괴질감염병
{
	Mob	904
	Type	drop
	1	27110	1	1
	2	50008	1	0.2
}
Group	괴질감염창병
{
	Kill_drop	900
	Mob	905
	Type	kill
	1	2122	1	65	10
	2	2123	1	35	10
}
Group	괴질감염창병
{
	Mob	905
	Type	drop
	1	27110	1	1
	2	50008	1	0.2
	3	50722	1	2
}
Group	괴질감염궁수
{
	Kill_drop	250
	Mob	906
	Type	kill
	1	12242	1	6	10
	2	12243	1	3	10
	3	12382	1	6	10
	4	12383	1	3	10
	5	12522	1	6	10
	6	12523	1	3	10
	7	12662	1	6	10
	8	12663	1	3	10
}
Group	괴질감염궁수
{
	Mob	906
	Type	drop
	1	50006	1	1
	2	8004	100	20
	3	50723	1	2
}
Group	괴질감염대장
{
	Kill_drop	200
	Mob	907
	Type	kill
	1	3122	1	65	10
	2	3123	1	30	10
}
Group	괴질감염대장
{
	Mob	907
	Type	drop
	1	5062	1	0.2
	2	11652	1	0.2
	3	2092	1	0.2
	4	11452	1	0.2
	5	15122	1	0.2
	6	70049	1	0.1
	7	50728	1	1
}
Group	사귀병
{
	Mob	1001
	Type	drop
	1	50728	1	1
}
Group	사귀궁병
{
	Kill_drop	200
	Mob	1002
	Type	kill
	1	2122	1	35	0
}
Group	사귀궁병
{
	Mob	1002
	Type	drop
	1	50012	1	0.4
	2	8005	100	20
	3	50724	1	1
}
Group	사귀창병
{
	Kill_drop	100
	Mob	1003
	Type	kill
	1	1092	1	65	30
	2	1093	1	35	30
	3	14162	1	54	30
	4	14163	1	27	30
	5	14182	1	36	30
	6	14183	1	18	30
	7	14202	1	18	30
	8	14203	1	9	30
}
Group	사귀창병
{
	Mob	1003
	Type	drop
	1	50721	1	2
}
Group	사귀주술사
{
	Kill_drop	50
	Mob	1004
	Type	kill
	1	3122	1	65	10
	2	3123	1	35	10
}
Group	전귀궁병
{
	Mob	1032
	Type	drop
	1	50012	1	0.9
	2	8005	100	20
}
Group	부활한전귀병
{
	Kill_drop	0
	Mob	1061
	Type	kill
}
Group	부활한전귀병
{
	Mob	1061
	Type	drop
	1	50724	1	2
	2	30193	1	0.02
}
Group	부활한전귀궁병
{
	Kill_drop	0.0
	Mob	1062
	Type	drop
	1	30193	1	0.02
}
Group	부활한전귀창병
{
	Kill_drop	10000
	Mob	1063
	Type	kill
	1	11270	1	10	20
	2	11470	1	10	20
	3	11670	1	10	20
	4	11870	1	10	20
	5	11271	1	1	20
	6	11471	1	1	20
	7	11671	1	1	20
	8	11871	1	1	20
}
Group	부활한전귀창병
{
	Mob	1063
	Type	drop
	1	50726	1	2
	2	30193	1	0.02
}
Group	Refining_1064
{
	Mob	1064
	Type	drop
	1	30193	1	0.2
}
Group	부활한전귀주술사
{
	Kill_drop	10000
	Mob	1064
	Type	kill
	1	11272	1	1	20
	2	11472	1	1	20
	3	11672	1	1	20
	4	11872	1	1	20
	5	11271	1	10	20
	6	11471	1	10	20
	7	11671	1	10	20
	8	11871	1	10	20
}
Group	부활한원망의망령
{
	Kill_drop	40000
	Mob	1065
	Type	kill
	1	3140	1	1	10
	2	1110	1	1	10
	3	2130	1	1	10
	4	7140	1	1	10
	5	5100	1	1	10
	6	160	1	1	10
	7	240	1	1	10
	8	150	1	1	10
	9	5090	1	1	10
	10	140	1	1	10
	11	3130	1	1	10
	12	1100	1	1	10
	13	7130	1	1	10
	14	2140	1	1	10
}
Group	부활한원망의망령
{
	Mob	1065
	Type	drop
	1	50728	1	2
}
Group	부활한혼돈의망령
{
	Kill_drop	0
	Mob	1066
	Type	kill
}
Group	부활한혼돈의망령
{
	Mob	1066
	Type	drop
	1	50724	1	2
}
Group	부활한지마장
{
	Kill_drop	0
	Mob	1068
	Type	kill
}
Group	부활한지마장
{
	Mob	1068
	Type	drop
	1	50721	1	4
}
Group	부활한지마장
{
	Level_limit	75
	Mob	1068
	Type	limit
	1	14004	1	0.08
	2	14024	1	0.08
	3	14044	1	0.08
	4	14064	1	0.08
	5	1110	1	0.08
	6	2130	1	0.08
	7	7140	1	0.08
	8	13120	1	0.01
}
Group	부활한전령사
{
	Kill_drop	0
	Mob	1069
	Type	kill
}
Group	부활한전령사
{
	Mob	1069
	Type	drop
	1	50725	1	2
}
Group	부활한전령사
{
	Level_limit	75
	Mob	1069
	Type	limit
	1	14084	1	0.08
	2	14104	1	0.08
	3	14124	1	0.08
	4	14144	1	0.08
	5	7140	1	0.08
	6	5100	1	0.08
	7	160	1	0.08
	8	13100	1	0.01
}
Group	부활한불사귀
{
	Kill_drop	0
	Mob	1070
	Type	kill
}
Group	부활한불사귀
{
	Mob	1070
	Type	drop
	1	50727	1	1
}
Group	부활한불사귀
{
	Level_limit	75
	Mob	1070
	Type	limit
	1	14084	1	0.08
	2	14104	1	0.08
	3	14124	1	0.08
	4	14144	1	0.08
	5	2130	1	0.08
	6	5100	1	0.08
	7	13080	1	0.01
}
Group	부활한재활괴물
{
	Kill_drop	0
	Mob	1071
	Type	kill
}
Group	부활한재활괴물
{
	Mob	1071
	Type	drop
	1	50721	1	4
}
Group	부활한재활괴물
{
	Level_limit	75
	Mob	1071
	Type	limit
	1	14164	1	0.08
	2	14184	1	0.08
	3	14204	1	0.08
	4	3140	1	0.08
	5	1110	1	0.08
	6	2130	1	0.08
	7	7140	1	0.08
	8	160	1	0.08
	9	240	1	0.08
	10	13060	1	0.01
}

Group	사귀왕
{
	Mob	1091
	Type	drop
	1	130	1	25
	2	1090	1	25
	3	2120	1	25
	4	7120	1	25
	5	5080	1	25
	6	131	1	20
	7	1091	1	20
	8	2121	1	20
	9	7121	1	20
	10	5081	1	20
	11	132	1	15
	12	1092	1	15
	13	2122	1	15
	14	7122	1	15
	15	5082	1	15
	16	27002	30	150
	17	27003	50	200
	18	27005	30	150
	19	27006	20	100
	20	50300	1	10000
}
Group	사귀왕
{
	Kill_drop	1
	Mob	1092
	Type	kill
	1	50081	1	100	0
}

Group	빙마
{
	Mob	1101
	Type	drop
	1	90011	1	0.09
}
Group	얼음뿔범고래
{
	Mob	1102
	Type	drop
	1	90011	1	0.1
	2	50728	1	1
}
Group	빙충
{
	Mob	1103
	Type	drop
	1	102	1	0.2
	2	112	1	0.2
	3	1072	1	0.2
	4	11252	1	0.2
	5	15122	1	0.2
	6	70050	1	0.1
	7	90011	1	0.2
	8	50722	1	1
}
Group	설구
{
	Kill_drop	350
	Mob	1104
	Type	kill
	1	12242	1	6	30
	2	12382	1	6	30
	3	12522	1	6	30
	4	12662	1	6	30
	5	12243	1	3	30
	6	12383	1	3	30
	7	12523	1	3	30
	8	12663	1	3	30
}
Group	설구
{
	Mob	1104
	Type	drop
	1	50723	1	2
}
Group	빙인
{
	Kill_drop	700
	Mob	1105
	Type	kill
	1	11262	1	6	20
	2	11263	1	3	20
	3	11462	1	6	20
	4	11463	1	3	20
	5	11662	1	6	20
	6	11663	1	3	20
	7	11862	1	6	20
	8	11863	1	3	20
}
Group	빙인
{
	Mob	1105
	Type	drop
	1	2092	1	0.2
	2	7092	1	0.2
	3	11852	1	0.2
	4	15142	1	0.2
	5	70048	1	0.1
	6	90011	1	0.3
	7	50725	1	2
}
Group	설거인
{
	Kill_drop	1000
	Mob	1106
	Type	kill
	1	1092	1	60	20
	2	1093	1	30	20
	3	50009	1	10	0
}
Group	설거인
{
	Mob	1106
	Type	drop
	1	102	1	0.2
	2	112	1	0.2
	3	1072	1	0.2
	4	11252	1	0.2
	5	15122	1	0.2
	6	70051	1	0.1
	7	90011	1	0.4
	8	50728	1	1
}
Group	얼음고램
{
	Mob	1107
	Type	drop
	1	50721	1	2
}
Group	얼음고렘
{
	Kill_drop	300
	Mob	1107
	Type	kill
	1	3123	1	60	20
	2	3124	1	30	20
	3	50009	1	10	0
}
Group	EisSplitter
{
	Level_limit	75
	Mob	1131
	Type	limit
	1	50060	1	0.08
	2	27987	1	0.1
	3	50901	1	2.1
	4	14045	1	0.17
	5	11885	1	0.7
	6	11685	1	0.7
	7	50124	1	0.07
}
Group	Refine_1131
{
	Mob	1131
	Type	drop
	1	30198	1	0.09
}
Group	Eiskillerwal
{
	Level_limit	75
	Mob	1132
	Type	limit
	1	50060	1	0.08
	2	27987	1	0.1
	3	50901	1	2.1
	4	30048	1	0.55
	5	14085	1	0.9
	6	11485	1	0.7
	7	11285	1	0.7
	8	50124	1	0.07
}
Group	Eisinsekt
{
	Level_limit	75
	Mob	1133
	Type	limit
	1	50901	1	2.1
	2	30088	1	0.8
	3	50060	1	0.08
	4	27987	1	0.1
	5	14105	1	0.9
	6	11885	1	0.7
	7	11685	1	0.7
	8	50124	1	0.07
}
Group	Eisl?e
{
	Level_limit	75
	Mob	1134
	Type	limit
	1	50901	1	2.1
	2	30089	1	0.32
	3	50060	1	0.08
	4	70049	1	0.11
	5	16163	1	0.85
	6	11485	1	0.7
	7	11285	1	0.7
	8	50124	1	0.07
}
Group	Eismann
{
	Level_limit	75
	Mob	1135
	Type	limit
	1	50901	1	2.1
	2	30090	1	0.55
	3	50060	1	0.08
	4	27987	1	0.1
	5	16164	1	0.68
	6	11886	1	0.4
	7	11686	1	0.4
	8	50124	1	0.07
}
Group	Yeti
{
	Level_limit	75
	Mob	1136
	Type	limit
	1	50901	1	2.1
	2	30014	1	0.55
	3	50060	1	0.08
	4	27987	1	0.1
	5	14125	1	0.64
	6	11486	1	0.1
	7	11286	1	0.1
	8	50124	1	0.07
}
Group	Eisgolem
{
	Level_limit	75
	Mob	1137
	Type	limit
	1	19	1	0.04
	2	1009	1	0.04
	3	2009	1	0.04
	4	3009	1	0.04
	5	5009	1	0.04
	6	7009	1	0.04
	7	30050	1	0.19
	8	27105	10	0.323
	9	50009	1	0.34
	10	27987	1	0.1
	11	11886	1	0.1
	12	11686	1	0.1
	13	11486	1	0.1
	14	11286	1	0.1
	15	50124	1	0.07
}
Group	Refine_1137
{
	Mob	1137
	Type	drop
	1	30198	1	0.125
}
Group	ice_witch
{
	Level_limit	80
	Mob	1192
	Type	drop
	1	11294	1	50	15
	2	11494	1	50	15
	3	11694	1	50	15
	4	11894	1	50	15
	5	13066	1	50	15
	6	13086	1	50	15
	7	13106	1	50	15
	8	13126	1	50	15
	9	15187	1	50	15
	10	15167	1	50	15
	11	15207	1	50	15
	12	15227	1	50	15
	13	16207	1	50	15
	14	16187	1	50	15
	15	17147	1	50	15
	16	17167	1	50	15
	17	17187	1	50	15
	18	17207	1	50	15
	19	28430	1	50	15
	20	28431	1	50	15
	21	28432	1	50	15
	22	28433	1	50	15
	23	28434	1	50	15
	24	28435	1	50	15
	25	28436	1	50	15
	26	28437	1	50	15
	27	28438	1	50	15
	28	28439	1	50	15
	29	28440	1	50	15
	30	28441	1	50	15
	31	28442	1	50	15
	32	28443	1	50	15
	33	70031	1	50	15
	34	30190	1	400	100
	35	30190	5	100	10
	36	25041	1	10000
}
Group	청와병
{
	Kill_drop	400
	Mob	1301
	Type	kill
	1	16160	1	18	30
	2	16161	1	9	30
	3	16180	1	12	30
	4	16181	1	6	30
	5	16200	1	6	30
	6	16201	1	3	30
}
Group	청와병
{
	Mob	1301
	Type	drop
	1	90012	1	0.2
	2	12260	1	2.5
	3	12390	1	2.5
	4	12530	1	5
	5	12670	1	5
}
Group	청와장
{
	Kill_drop	800
	Mob	1302
	Type	kill
	1	5082	1	65	20
	2	5083	1	35	20
}
Group	청와장
{
	Mob	1302
	Type	drop
	1	90012	1	0.3
	2	12260	1	5
	3	12390	1	5
	4	12530	1	2.5
	5	12670	1	2.5
}
Group	풀잎머리도깨비
{
	Kill_drop	1000
	Mob	1303
	Type	kill
	1	2122	1	1	20
}
Group	풀잎머리도깨비
{
	Mob	1303
	Type	drop
	1	90012	1	0.1
}
Group	누렁범귀
{
	Kill_drop	1
	Mob	1304
	Type	kill
	1	50078	1	100	0
}
Group	누렁범귀
{
	Mob	1304
	Type	drop
	1	27002	200	400
	2	27003	100	400
	3	27005	200	400
	4	27006	100	400
	5	90010	1	300
}
Group	수구대장군
{
	Kill_drop	350
	Mob	1305
	Type	kill
	1	7122	1	65	20
	2	7123	1	35	20
}
Group	수구대장군
{
	Mob	1305
	Type	drop
	1	15162	1	0.2
	2	16162	1	0.2
	3	12382	1	0.2
	4	17142	1	0.2
	5	90012	1	0.4
	6	12260	1	0.75
	7	12390	1	0.75
	8	12530	1	0.75
	9	12670	1	0.75
}
Group	투귀병
{
	Kill_drop	0
	Mob	1401
	Type	kill
}
Group	투귀병
{
	Mob	1401
	Type	drop
	1	50723	1	2
}
Group	투귀척후병
{
	Kill_drop	1500
	Mob	1402
	Type	kill
	1	11273	1	20	30
	2	11473	1	20	30
	3	11673	1	20	30
	4	11873	1	20	30
	5	11274	1	10	30
	6	11474	1	10	30
	7	11674	1	10	30
	8	11874	1	10	30
}
Group	투귀척후병
{
	Mob	1402
	Type	drop
	1	50726	1	2
}
Group	투귀천장수
{
	Kill_drop	500
	Mob	1403
	Type	kill
	1	11290	1	1	1
	2	11490	1	1	1
	3	11890	1	1	1
	4	11690	1	1	1
	5	170	1	1	2
	6	250	1	1	2
	7	1120	1	1	2
	8	2180	1	1	2
	9	3150	1	1	2
	10	7150	1	1	2
}
Group	투귀천장수
{
	Mob	1403
	Type	drop
	1	50725	1	2
}
Group	투귀천장수
{
	Level_limit	86
	Mob	1403
	Type	limit
	1	11290	1	0.001
	2	11490	1	0.001
	3	11890	1	0.001
	4	11690	1	0.001
	5	70003	1	0.01
	6	70005	1	0.01
	7	70008	1	0.01
	8	70038	1	0.01
	9	170	1	0.002
	10	250	1	0.002
	11	1120	1	0.002
	12	2180	1	0.002
	13	3150	1	0.002
	14	7150	1	0.002
}
Group	Refine_1501
{
	Mob	1501
	Type	drop
	1	30195	1	1
}
Group	석인
{
	Kill_drop	100
	Mob	1501
	Type	kill
	1	8002	100	1	0
}
Group	투석인
{
	Kill_drop	100
	Mob	1502
	Type	kill
	1	8002	100	1	0
}
Group	투석인
{
	Mob	1502
	Type	drop
	1	50722	1	1
	2	30195	1	1
}
Group	거대투석인
{
	Kill_drop	3000
	Mob	1503
	Type	kill
	1	11282	1	1	10
	2	11882	1	1	10
	3	11482	1	1	10
	4	11682	1	1	10
}
Group	거대투석인
{
	Mob	1503
	Type	drop
	1	50723	1	4
	2	30195	1	1
}
Group	투귀일군
{
	Kill_drop	0
	Mob	1601
	Type	kill
}
Group	투귀일꾼
{
	Mob	1601
	Type	drop
	1	50728	1	2
	2	30194	1	1.0
}
Group	투귀감찰병
{
	Kill_drop	1000
	Mob	1602
	Type	kill
	1	11271	1	20	20
	2	11471	1	20	20
	3	11671	1	20	20
	4	11871	1	20	20
	5	11272	1	10	10
	6	11472	1	10	10
	7	11672	1	10	10
	8	11872	1	10	10
}
Group	투귀감찰병
{
	Mob	1602
	Type	drop
	1	50721	1	4
	2	30194	1	1
}
Group	투귀백장수
{
	Kill_drop	2000
	Mob	1603
	Type	kill
	1	3140	1	1	10
	2	1110	1	1	10
	3	2130	1	1	10
	4	7140	1	1	10
	5	5100	1	1	10
	6	160	1	1	10
	7	240	1	1	10
}
Group	투귀백장수
{
	Mob	1603
	Type	drop
	1	50722	1	2
	2	30194	1	1
}
Group	투귀백장수
{
	Level_limit	86
	Mob	1603
	Type	limit
	1	11290	1	0.001
	2	11490	1	0.001
	3	11890	1	0.001
	4	11690	1	0.001
	5	170	1	0.002
	6	250	1	0.002
	7	1120	1	0.002
	8	2180	1	0.002
	9	3150	1	0.002
	10	7150	1	0.03
}
Group	구미호
{
	Kill_drop	1
	Mob	1901
	Type	kill
	1	50077	1	100	0
}
Group	구미호
{
	Mob	1901
	Type	drop
	1	27002	200	400
	2	27003	100	400
	3	27005	200	400
	4	27006	100	400
	5	90010	1	200
}
Group	진구미호				
{					
	type	kill			
	mob	1902			
	kill_drop	1			
	1	진구미호의상자	2	100	0
	2	50006	15	30	0
	3	50007	20	40	0
	4	50012	10	15	0
	5	50013	15	20	0
	6	50011	5	5	0
}					
					
Group	삼거리진구미호1				
{					
	type	kill			
	mob	1904			
	kill_drop	1			
	1	50006	15	30	0
	2	50007	20	40	0
	3	50012	10	15	0
	4	50013	15	20	0
	5	50011	5	5	0
}					
					
Group	삼거리진구미호2				
{					
	type	kill			
	mob	1905			
	kill_drop	1			
	1	50006	15	30	0
	2	50007	20	40	0
	3	50012	10	15	0
	4	50013	15	20	0
	5	50011	5	5	0
}					
					
Group	삼거리진구미호3				
{					
	type	kill			
	mob	1906			
	kill_drop	1			
	1	50006	15	30	0
	2	50007	20	40	0
	3	50012	10	15	0
	4	50013	15	20	0
	5	50011	5	5	0
}					
Group	새끼거미
{
	Mob	2001
	Type	drop
	1	50721	1	2
}
Group	독거미
{
	Mob	2002
	Type	drop
	1	50725	1	1
}
Group	붉은독거미
{
	Kill_drop	1000
	Mob	2003
	Type	kill
	1	7102	1	1	10
}
Group	붉은독거미
{
	Mob	2003
	Type	drop
	1	50725	1	1
	2	50009	1	0.2
}
Group	집게거미
{
	Kill_drop	1000
	Mob	2004
	Type	kill
	1	5072	1	1	10
}
Group	집게거미
{
	Mob	2004
	Type	drop
	1	50721	1	2
}
Group	병정거미
{
	Kill_drop	500
	Mob	2005
	Type	kill
	1	12242	1	1	10
	2	12382	1	1	10
	3	12522	1	1	10
	4	12662	1	1	10
}
Group	병정거미
{
	Mob	2005
	Type	drop
	1	50727	1	0.8
}
Group	새끼독거미
{
	Mob	2031
	Type	drop
	1	50722	1	1
}
Group	붉은맹독거미
{
	Kill_drop	300
	Mob	2033
	Type	kill
	1	112	1	65	10
	2	113	1	35	10
}
Group	붉은맹독거미
{
	Mob	2033
	Type	drop
	1	50727	1	0.8
}
Group	집게독거미
{
	Kill_drop	500
	Mob	2034
	Type	kill
	1	1072	1	1	10
}
Group	집게독거미
{
	Mob	2034
	Type	drop
	1	50726	1	2
}
Group	병정독거미
{
	Kill_drop	300
	Mob	2035
	Type	kill
	1	11260	1	1	10
	2	11460	1	1	10
	3	11660	1	1	10
	4	11860	1	1	10
}
Group	병정독거미
{
	Mob	2035
	Type	drop
	1	50726	1	2
}
Group	병정독거미
{
	Kill_drop	90
	Mob	2036
	Type	kill
	1	3112	1	65	10
	2	3113	1	35	10
}
Group	새끼독거미
{
	Mob	2061
	Type	drop
	1	50724	1	2
}
Group	새끼독거미
{
	Level_limit	60
	Mob	2061
	Type	limit
	1	104	1	0.5
	2	114	1	0.5
	3	124	1	0.5
	4	134	1	0.5
	5	13006	1	0.5
	6	13194	1	0.5
	7	13205	1	0.5
	8	13060	1	0.05
	9	13100	1	0.05
}
Group	맹독거미
{
	Mob	2062
	Type	drop
	1	50721	1	4
}
Group	맹독거미
{
	Level_limit	60
	Mob	2062
	Type	limit
	1	1064	1	0.5
	2	1074	1	0.5
	3	1084	1	0.5
	4	1094	1	0.5
	5	12626	1	0.5
	6	12645	1	0.5
	7	12664	1	0.5
	8	13080	1	0.05
	9	13120	1	0.05
}
Group	붉은맹독거미
{
	Mob	2063
	Type	drop
	1	50724	1	2
}
Group	붉은맹독거미
{
	Level_limit	60
	Mob	2063
	Type	limit
	1	2094	1	0.5
	2	2104	1	0.5
	3	2114	1	0.5
	4	2124	1	0.5
	5	12486	1	0.5
	6	12505	1	0.5
	7	12524	1	0.5
	8	13120	1	0.1
}
Group	집게독거미
{
	Mob	2064
	Type	drop
	1	50722	1	2
}
Group	집게독거미
{
	Level_limit	60
	Mob	2064
	Type	limit
	1	3094	1	0.5
	2	3104	1	0.5
	3	3114	1	0.5
	4	3124	1	0.5
	5	12346	1	0.5
	6	12365	1	0.5
	7	12384	1	0.5
	8	13120	1	0.1
}
Group	병정독거미
{
	Mob	2065
	Type	drop
	1	50723	1	2
	2	50009	1	0.2
}
Group	병정독거미
{
	Level_limit	60
	Mob	2065
	Type	limit
	1	5064	1	0.5
	2	5074	1	0.5
	3	5084	1	0.5
	4	12206	1	0.5
	5	12225	1	0.5
	6	12244	1	0.5
	7	13100	1	0.1
}
Group	여왕거미
{
	Kill_drop	1
	Mob	2091
	Type	kill
	1	50073	1	100	0
}
Group	여왕거미
{
	Mob	2091
	Type	drop
	1	27002	200	400
	2	27003	100	400
	3	27005	200	400
	4	27006	100	400
	5	90011	1	60
}
Group	비마귀안
{
	Kill_drop	400
	Mob	2102
	Type	kill
	1	12222	1	6	10
	2	12362	1	6	10
	3	12502	1	6	10
	4	12642	1	6	10
	5	12223	1	3	10
	6	12363	1	3	10
	7	12503	1	3	10
	8	12643	1	3	10
}
Group	비마귀안
{
	Mob	2102
	Type	drop
	1	50722	1	2
}
Group	대왕전갈
{
	Kill_drop	1000
	Mob	2103
	Type	kill
	1	14160	1	18	10
	2	14161	1	9	10
	3	14180	1	12	10
	4	14181	1	6	10
	5	14200	1	6	10
	6	14201	1	3	10
}
Group	대왕전갈
{
	Mob	2103
	Type	drop
	1	50721	1	4
}
Group	전갈인간
{
	Kill_drop	800
	Mob	2104
	Type	kill
	1	1062	1	65	10
	2	1063	1	35	10
	3	7160	1	40	10
	4	5110	1	20	10
}
Group	전갈인간
{
	Mob	2104
	Type	drop
	1	50724	1	1
}
Group	전갈궁수
{
	Kill_drop	500
	Mob	2105
	Type	kill
	1	2092	1	65	10
	2	2093	1	35	10
	3	7160	1	20	10
	4	5110	1	40	10
}
Group	전갈궁수
{
	Mob	2105
	Type	drop
	1	50013	1	1
	2	8002	100	40
	3	30081	1	1
	4	50009	1	0.2
	5	50722	1	2
}
Group	반인반사검병
{
	Kill_drop	700
	Mob	2106
	Type	kill
	1	1062	1	65	10
	2	1063	1	35	10
}
Group	반인반사검병
{
	Mob	2106
	Type	drop
	1	50726	1	1
	2	50009	1	0.2
}
Group	반인반사궁병
{
	Kill_drop	400
	Mob	2107
	Type	kill
	1	13202	1	65	30
	2	13203	1	35	30
}
Group	반인반사궁병
{
	Mob	2107
	Type	drop
	1	50006	1	0.7
	2	8003	50	40
	3	30082	1	1
	4	50725	1	2
}
Group	사막의무법자
{
	Kill_drop	100
	Mob	2108
	Type	kill
	1	17162	1	18	10
	2	17163	1	9	10
	3	17182	1	12	10
	4	17183	1	6	10
	5	17202	1	6	10
	6	17203	1	3	10
}
Group	사막의무법자
{
	Mob	2108
	Type	drop
	1	92	1	0.2
	2	2082	1	0.2
	3	11841	1	0.2
	4	15122	1	0.2
	5	27002	30	50
	6	27003	20	25
	7	27005	20	50
	8	27006	10	25
	9	70008	1	0.1
	10	50728	1	0.8
}
Group	새끼독거미
{
	Level_limit	60
	Mob	2131
	Type	limit
	1	16004	1	0.5
	2	16024	1	0.5
	3	16044	1	0.5
	4	16064	1	0.5
	5	13006	1	0.5
	6	13194	1	0.5
	7	13205	1	0.5
	8	13100	1	0.1
	9	50009	1	0.1
}
Group	전갈인간
{
	Mob	2131
	Type	drop
	1	50727	1	2
}
Group	맹독거미
{
	Level_limit	60
	Mob	2132
	Type	limit
	1	16084	1	0.5
	2	16104	1	0.5
	3	16124	1	0.5
	4	16144	1	0.5
	5	17164	1	0.5
	6	17184	1	0.5
	7	17204	1	0.5
	8	13080	1	0.1
	9	50009	1	0.1
}
Group	전갈궁수
{
	Mob	2132
	Type	drop
	1	50726	1	4
}
Group	반인반사검병
{
	Mob	2133
	Type	drop
	1	50725	1	4
}
Group	붉은맹독거미
{
	Level_limit	60
	Mob	2133
	Type	limit
	1	15164	1	0.5
	2	15184	1	0.5
	3	15204	1	0.5
	4	15224	1	0.5
	5	17104	1	0.5
	6	17124	1	0.5
	7	17144	1	0.5
	8	13080	1	0.1
	9	50009	1	0.1
}
Group	반인반사궁병
{
	Mob	2134
	Type	drop
	1	50727	1	2
}
Group	집게독거미
{
	Level_limit	60
	Mob	2134
	Type	limit
	1	15084	1	0.5
	2	15104	1	0.5
	3	15124	1	0.5
	4	15144	1	0.5
	5	16164	1	0.5
	6	16184	1	0.5
	7	16204	1	0.5
	8	13060	1	0.1
	9	50009	1	0.1
}
Group	병정독거미
{
	Level_limit	60
	Mob	2135
	Type	limit
	1	15004	1	0.5
	2	15024	1	0.5
	3	15044	1	0.5
	4	15064	1	0.5
	5	17044	1	0.5
	6	17064	1	0.5
	7	13060	1	0.1
	8	50009	1	0.1
}
Group	사막의무법자
{
	Mob	2135
	Type	drop
	1	50725	1	4
}
Group	거대사막거북
{
	Kill_drop	1
	Mob	2191
	Type	kill
	1	50076	1	100	0
}
Group	거대사막거북
{
	Mob	2191
	Type	drop
	1	27002	200	400
	2	27003	100	400
	3	27005	200	400
	4	27006	100	400
	5	90012	1	80
}
Group	투지범졸개
{
	Kill_drop	0
	Mob	2201
	Type	kill
}
Group	투지범졸개
{
	Mob	2201
	Type	drop
	1	90010	1	0.09
	2	50722	1	1
}
Group	화령
{
	Kill_drop	1000
	Mob	2202
	Type	kill
	1	50009	1	10	0
}
Group	화령
{
	Mob	2202
	Type	drop
	1	90010	1	0.1
	2	50727	1	2
}
Group	투지범
{
	Kill_drop	1000
	Mob	2203
	Type	kill
	1	132	1	65	20
	2	133	1	35	20
}
Group	투지범
{
	Mob	2203
	Type	drop
	1	90010	1	0.2
	2	50728	1	1
}
Group	참마인
{
	Kill_drop	1000
	Mob	2204
	Type	kill
	1	1092	1	65	20
	2	1093	1	35	20
}
Group	참마인
{
	Mob	2204
	Type	drop
	1	90010	1	0.3
	2	12280	1	0.041
	3	12400	1	0.041
	4	12540	1	0.041
	5	12680	1	0.041
}
Group	태화무인
{
	Kill_drop	500
	Mob	2205
	Type	kill
	1	3123	1	65	20
	2	3124	1	35	20
}
Group	태화무인
{
	Mob	2205
	Type	drop
	1	90010	1	0.4
	2	50723	1	4
	3	12280	1	0.041
	4	12400	1	0.041
	5	12540	1	0.041
	6	12680	1	0.041
}
Group	화염왕
{
	Kill_drop	1
	Mob	2206
	Type	kill
	1	50079	1	100	0
}
Group	화염왕
{
	Mob	2206
	Type	drop
	1	27002	200	400
	2	27003	100	400
	3	27005	200	400
	4	27006	100	400
	5	90012	1	200
}
Group	귀목
{
	Kill_drop	0
	Mob	2301
	Type	kill
}
Group	귀목
{
	Mob	2301
	Type	drop
	1	50727	1	2
}
Group	밑둥귀목
{
	Kill_drop	2000
	Mob	2302
	Type	kill
	1	50008	1	1	0
}
Group	밑둥귀목
{
	Mob	2302
	Type	drop
	1	50726	1	1
	2	30192	1	0.5
}
Group	목령
{
	Kill_drop	1000
	Mob	2303
	Type	kill
	1	11270	1	30	30
	2	11470	1	30	30
	3	11670	1	30	30
	4	11870	1	30	30
	5	11271	1	20	20
	6	11471	1	20	20
	7	11671	1	20	20
	8	11871	1	20	20
	9	11272	1	10	10
	10	11472	1	10	10
	11	11672	1	10	10
	12	11872	1	10	10
	13	50008	1	20	0
}
Group	목령
{
	Mob	2303
	Type	drop
	1	50725	1	2
	2	30192	1	0.05
}
Group	Refining_2304
{
	Mob	2304
	Type	drop
	1	30192	1	0.05
}
Group	화류귀목
{
	Kill_drop	15000
	Mob	2304
	Type	kill
	1	11280	1	1	10
	2	11880	1	1	10
	3	11480	1	1	10
	4	11680	1	1	10
}
Group	흑귀목
{
	Kill_drop	10000
	Mob	2305
	Type	kill
	1	3140	1	1	10
	2	1110	1	1	10
	3	2130	1	1	10
	4	7140	1	1	10
	5	5100	1	1	10
	6	160	1	1	10
	7	240	1	1	10
	8	150	1	1	10
	9	5090	1	1	10
	10	140	1	1	10
	11	3130	1	1	10
	12	1100	1	1	10
	13	7130	1	1	10
	14	2140	1	1	10
}
Group	적귀목
{
	Kill_drop	800
	Mob	2311
	Type	kill
	1	50008	1	1	0
}
Group	적귀목
{
	Mob	2311
	Type	drop
	1	50728	1	0.8
	2	30197	1	0.03
}
Group	밑둥적귀목
{
	Kill_drop	800
	Mob	2312
	Type	kill
	1	50008	1	1	0
}
Group	밑둥적귀목
{
	Mob	2312
	Type	drop
	1	50724	1	1
	2	30197	1	0.03
}
Group	적목령
{
	Kill_drop	1000
	Mob	2313
	Type	kill
	1	11272	1	20	30
	2	11472	1	20	30
	3	11672	1	20	30
	4	11872	1	20	30
	5	11273	1	10	30
	6	11473	1	10	30
	7	11673	1	10	30
	8	11873	1	10	30
	9	50008	1	20	0
}
Group	적목령
{
	Mob	2313
	Type	drop
	1	50726	1	1
	2	30197	1	0.03
}
Group	적목령
{
	Level_limit	86
	Mob	2313
	Type	limit
	1	17204	1	0.03
	2	17205	1	0.03
	3	17206	1	0.03
	4	3140	1	0.03
	5	1110	1	0.03
	6	2130	1	0.03
	7	7140	1	0.03
	8	5100	1	0.03
	9	160	1	0.03
	10	240	1	0.03
}
Group	화류적귀목
{
	Kill_drop	6000
	Mob	2314
	Type	kill
	1	11280	1	1	10
	2	11880	1	1	10
	3	11480	1	1	10
	4	11680	1	1	10
}
Group	화류적귀목
{
	Mob	2314
	Type	drop
	1	50727	1	0.8
	2	30197	1	0.03
}
Group	화류적귀목
{
	Level_limit	86
	Mob	2314
	Type	limit
	1	16204	1	0.03
	2	16205	1	0.03
	3	16206	1	0.03
	4	3140	1	0.06
	5	1110	1	0.06
	6	2130	1	0.06
	7	7140	1	0.06
	8	5100	1	0.06
	9	160	1	0.06
	10	240	1	0.06
}
Group	적흑귀목
{
	Kill_drop	3000
	Mob	2315
	Type	kill
	1	3140	1	1	10
	2	1110	1	1	10
	3	2130	1	1	10
	4	7140	1	1	10
	5	5100	1	1	10
	6	160	1	1	10
	7	240	1	1	10
	8	150	1	1	10
	9	5090	1	1	10
	10	140	1	1	10
	11	3130	1	1	10
	12	1100	1	1	10
	13	7130	1	1	10
	14	2140	1	1	10
}
Group	흑적귀목
{
	Mob	2315
	Type	drop
	1	50728	1	1
}
Group	흑적귀목
{
	Level_limit	86
	Mob	2315
	Type	limit
	1	11291	1	0.03
	2	11491	1	0.03
	3	11891	1	0.03
	4	11691	1	0.03
	5	27987	1	0.09
	6	14204	1	0.09
	7	14205	1	0.09
	8	14206	1	0.09
	9	3140	1	0.10
	10	1110	1	0.10
	11	2130	1	0.10
	12	7140	1	0.10
	13	5100	1	0.10
	14	160	1	0.10
	15	240	1	0.10
}
Group	Setaou-K?pfer87
{
	Level_limit	75
	Mob	2401
	Type	limit
	1	250	1	0.01
	2	12525	1	0.4
	3	50060	1	0.04
	4	27987	1	0.05
	5	50721	5	0.63
	6	50725	5	0.63
	7	70050	1	0.2
	8	166	1	0.01
	9	164	1	0.01
	10	15185	1	0.34
	11	254	1	0.01
	12	255	1	0.01
	13	70031	1	0.004
	14	11485	1	0.1
	15	11285	1	0.1
	16	190	1	0.001
	17	180	1	0.001
	18	50124	1	0.02
	19	50121	1	0.06
}
Group	Setaou-J?er89
{
	Level_limit	75
	Mob	2402
	Type	limit
	1	1120	1	0.01
	2	2180	1	0.01
	3	8005	30	0.6
	4	8005	60	0.42
	5	12385	1	0.4
	6	14184	1	0.25
	7	27987	1	0.05
	8	50722	5	0.63
	9	50726	5	0.63
	10	1106	1	0.01
	11	2136	1	0.01
	12	2184	1	0.01
	13	1124	1	0.01
	14	70031	1	0.007
	15	11885	1	0.15
	16	11685	1	0.15
	17	2170	1	0.001
	18	1130	1	0.001
	19	50124	1	0.02
	20	50120	1	0.06
}
Group	Setaou-Seherin89
{
	Level_limit	75
	Mob	2403
	Type	limit
	1	7150	1	0.01
	2	12665	1	0.8
	3	14164	1	0.34
	4	17163	1	0.85
	5	27987	1	0.1
	6	50723	5	1.25
	7	50727	5	1.25
	8	5096	1	0.2
	9	7136	1	0.2
	10	11885	1	0.8
	11	11685	1	0.4
	12	15224	1	0.34
	13	7154	1	0.01
	14	7155	1	0.01
	15	70031	1	0.007
	16	5120	1	0.001
	17	50124	1	0.02
	18	50122	1	0.06
}
Group	Refine_2404
{
	Mob	2404
	Type	drop
	1	30199	1	0.13
}
Group	Setaou-Anf?rer90
{
	Level_limit	75
	Mob	2404
	Type	limit
	1	170	1	0.002
	2	174	1	0.002
	3	50060	1	0.08
	4	50724	5	1.25
	5	50728	5	1.25
	6	70048	1	0.23
	7	70051	1	0.39
	8	3146	1	0.10
	9	3136	1	0.10
	10	11285	1	0.01
	11	11485	1	0.01
	12	15085	1	0.85
	13	12245	1	0.8
	14	3152	1	0.2
	15	70031	1	0.007
	16	181	1	0.001
	17	191	1	0.001
	18	1131	1	0.001
	19	5121	1	0.001
	20	2171	1	0.001
	21	50120	1	0.02
	22	50121	1	0.02
	23	50122	1	0.02
}
Group	Setaou-Soldat91
{
	Level_limit	75
	Mob	2411
	Type	limit
	1	251	1	0.09
	2	12526	1	0.1
	3	14204	1	0.22
	4	50060	1	0.08
	5	27987	1	0.1
	6	50721	5	0.65
	7	50725	5	0.65
	8	156	1	0.10
	9	246	1	0.10
	10	2144	1	0.10
	11	70031	1	0.01
	12	182	1	0.01
	13	192	1	0.01
	14	50121	1	0.06
	15	30196	1	0.02
}
Group	Setaou-J?er93
{
	Level_limit	75
	Mob	2412
	Type	limit
	1	1121	1	0.002
	2	2181	1	0.002
	3	8005	35	1.6
	4	8005	55	0.85
	5	12386	1	0.17
	6	14186	1	0.28
	7	27987	1	0.1
	8	50009	1	0.34
	9	50722	5	0.75
	10	50726	5	0.75
	11	144	1	0.01
	12	1116	1	0.01
	13	2146	1	0.01
	14	70031	1	0.01
	15	2170	1	0.001
	16	1130	1	0.001
	17	50120	1	0.06
	18	30196	1	0.03
}
Group	Refine_2413
{
	Mob	2413
	Type	drop
	1	30199	1	0.13
	2	30196	1	0.07
}
Group	Setaou-Seherin95
{
	Level_limit	75
	Mob	2413
	Type	limit
	1	7151	1	0.1
	2	12666	1	0.17
	3	14166	1	0.26
	4	15164	1	0.38
	5	17164	1	0.41
	6	17183	1	0.68
	7	27987	1	0.1
	8	50009	1	0.34
	9	50723	5	1.25
	10	50727	5	1.25
	11	154	1	0.16
	12	5106	1	0.16
	13	7146	1	0.26
	14	7144	1	0.26
	15	70031	1	0.01
	16	5122	1	0.1
	17	50122	1	0.06
}
Group	Refine_2414
{
	Mob	2414
	Type	drop
	1	30199	1	0.2
	2	30196	1	0.07
}
Group	Setaou_Commander
{
	Level_limit	75
	Mob	2414
	Type	limit
	1	50120	1	0.02
	2	50121	1	0.02
	3	50122	1	0.02
}
Group	Setaou-General1
{
	Level_limit	85
	Mob	2491
	Type	drop
	1	30179	1	400
	2	30196	1	1
}
Group	Setaou-General2
{
	Level_limit	85
	Mob	2492
	Type	drop
	1	30179	1	400
	2	30179	2	100
	3	30190	1	100
	4	13063	1	100
	5	14206	1	50
	6	27987	1	100
	7	70051	1	50
	8	13083	1	100
	9	70050	1	50
	10	13103	1	100
	11	15165	1	30
	12	16203	1	50
	13	17184	1	50
	14	17203	1	30
	15	13123	1	50
	16	14143	1	30
	17	15204	1	30
	18	16184	1	50
}
Group	Water_Dragon
{
	Mob	2493
	Type	drop
	1	30190	1	400
	2	30190	2	50
	3	12284	1	20
	4	12404	1	20
	5	12544	1	20
	6	12684	1	20
	7	15374	1	20
	8	15394	1	20
	9	15414	1	20
	10	15434	1	20
	11	27987	1	75
	12	50124	1	20
	13	50124	1	20
	14	50124	1	20
	15	50121	1	20
	16	50121	1	40
	17	50121	1	40
	18	71123	1	5
	19	71129	1	5
	20	71083	1	1
	21	25040	1	0.5
	22	71085	1	0.5
	23	71084	1	0.5
	24	25041	1	10000
}
Group	Water_Dragon_HL
{
	Level_limit	90
	Mob	2493
	Type	limit
	1	30190	4	5
	2	27992	1	20
	3	27993	1	10
	4	27994	1	5
	5	70024	1	0.5
	6	50124	1	25
	7	50124	1	25
	8	50121	1	50
	9	50121	1	50
	10	50513	1	15
	11	50513	1	15
	12	71085	3	0.2
	13	71084	3	0.2
}
Group	Setaou-General3
{
	Level_limit	85
	Mob	2494
	Type	drop
	1	30179	1	400	100
}
Group	Setaou-General4
{
	Level_limit	85
	Mob	2495
	Type	drop
	1	30179	1	400
	2	30179	3	100
	3	30190	1	100
	4	11691	1	30
	5	11491	1	30
	6	11891	1	30
	7	11291	1	30
	8	13064	1	100
	9	13084	1	30
	10	13104	1	100
	11	16204	1	50
	12	17204	1	30
	13	13124	1	100
	14	15205	1	30
	15	70050	1	50
	16	70051	1	50
	17	50009	1	100
	18	27987	1	100
}
Group	해태
{
	Kill_drop	1
	Mob	5002
	Type	kill
	1	134	1	46	30
	2	135	1	20	30
	3	1094	1	46	30
	4	1095	1	20	30
	5	3124	1	46	30
	6	3125	1	20	30
	7	2124	1	46	30
	8	2125	1	20	30
	9	5084	1	46	30
	10	5085	1	20	30
	11	7124	1	46	30
	12	7125	1	20	30
	13	11263	1	46	30
	14	11264	1	20	30
	15	11463	1	46	30
	16	11464	1	20	30
	17	11663	1	46	30
	18	11664	1	20	30
	19	11863	1	46	30
	20	11864	1	20	30
	21	13203	1	46	30
	22	13204	1	20	30
	23	70038	1	40	0
	24	70048	1	40	0
	25	70050	1	40	0
	26	70051	1	40	0
	27	70012	1	40	0
	28	70037	1	40	0
	29	70014	1	40	0
	30	25040	1	40	0
}
Group	해태
{
	Mob	5002
	Type	drop
	1	27002	100	400
	2	27003	50	400
	3	27005	100	400
	4	27006	50	400
}
Group	이벤트용_다나까
{
	Kill_drop	1
	Mob	5004
	Type	kill
	1	30202	1	1	0
}
Group	하선동_원숭이
{
	Kill_drop	550
	Mob	5101
	Type	kill
	1	50050	1	20	0
}
Group	하선동원병
{
	Mob	5101
	Type	drop
	1	50722	1	2
}
Group	하선동_원숭이
{
	Kill_drop	250
	Mob	5102
	Type	kill
	1	50050	1	20	0
}
Group	하선동_원숭이
{
	Kill_drop	250
	Mob	5103
	Type	kill
	1	5042	1	65	10
	2	82	1	65	10
	3	83	1	35	10
	4	5032	1	35	10
	5	50050	1	100	0
}
Group	하선동_원숭이
{
	Kill_drop	100
	Mob	5104
	Type	kill
	1	7073	1	20	10
	2	7053	1	20	10
	3	4023	1	20	10
	4	1043	1	20	10
	5	50050	1	20	0
}
Group	하선동원장수
{
	Mob	5104
	Type	drop
	1	50721	1	1
}
Group	중선동_원숭이
{
	Kill_drop	550
	Mob	5111
	Type	kill
	1	50050	1	20	0
}
Group	중선동원병
{
	Mob	5111
	Type	drop
	1	50723	1	2
}
Group	중선동_원숭이
{
	Kill_drop	300
	Mob	5112
	Type	kill
	1	50050	1	20	0
}
Group	중선동_원숭이
{
	Kill_drop	250
	Mob	5113
	Type	kill
	1	7083	1	20	10
	2	5053	1	10	10
	3	50050	1	30	0
}
Group	중선동_원숭이
{
	Kill_drop	100
	Mob	5114
	Type	kill
	1	93	1	20	20
	2	1053	1	20	20
	3	50050	1	40	0
}
Group	중선동원장수
{
	Mob	5114
	Type	drop
	1	50722	1	1
}
Group	중선동_돌원숭이
{
	Kill_drop	100
	Mob	5115
	Type	kill
	1	3083	1	20	20
	2	50050	1	20	0
}
Group	중선동돌원숭이
{
	Mob	5115
	Type	drop
	1	50725	1	1
}
Group	중선동대장원숭이
{
	Mob	5116
	Type	drop
	1	50726	1	1
}
Group	상선동_원숭이
{
	Kill_drop	550
	Mob	5121
	Type	kill
	1	50050	1	20	0
}
Group	상선동원병
{
	Mob	5121
	Type	drop
	1	50726	1	1
}
Group	상선동_원숭이
{
	Kill_drop	300
	Mob	5122
	Type	kill
	1	50050	1	20	0
}
Group	상선동투마원병
{
	Mob	5122
	Type	drop
	1	50723	1	1
}
Group	상선동_원숭이
{
	Kill_drop	250
	Mob	5123
	Type	kill
	1	7103	1	20	10
	2	50050	1	20	0
}
Group	상선동_원숭이
{
	Kill_drop	100
	Mob	5124
	Type	kill
	1	5073	1	20	10
	2	50050	1	20	0
}
Group	상선동_돌원숭이
{
	Kill_drop	80
	Mob	5125
	Type	kill
	1	113	1	65	10
	2	114	1	35	10
	3	50050	1	100	0
}
Group	상선동돌원숭이
{
	Mob	5125
	Type	drop
	1	50724	1	1
}
Group	상선동_금원숭이
{
	Kill_drop	30
	Mob	5126
	Type	kill
	1	3113	1	65	10
	2	3114	1	35	10
	3	50050	1	100	0
}
Group	상선동금원숭이
{
	Mob	5126
	Type	drop
	1	50721	1	2
}
Group	상선동대장원숭이
{
	Mob	5127
	Type	drop
	1	50722	1	2
}
Group	이산대성
{
	Kill_drop	10
	Mob	5161
	Type	kill
	1	74	1	10	30
	2	1034	1	10	30
	3	2064	1	10	30
	4	3064	1	10	30
	5	5044	1	10	30
	6	7064	1	10	30
}
Group	이산대성
{
	Mob	5161
	Type	drop
	1	50057	1	200
}
Group	통천대성
{
	Kill_drop	10
	Mob	5162
	Type	kill
	1	104	1	10	30
	2	1064	1	10	30
	3	2094	1	10	30
	4	3094	1	10	30
	5	5064	1	10	30
	6	7094	1	10	30
	7	11253	1	10	30
	8	11453	1	10	30
	9	11653	1	10	30
	10	11853	1	10	30
}
Group	통천대성
{
	Mob	5162
	Type	drop
	1	50058	1	200
}
Group	제천대성
{
	Kill_drop	10
	Mob	5163
	Type	kill
	1	134	1	10	30
	2	1094	1	10	30
	3	2124	1	10	30
	4	5084	1	10	30
	5	3124	1	10	30
	6	7124	1	10	30
	7	11272	1	10	30
	8	11472	1	10	30
	9	11672	1	10	30
	10	11872	1	10	30
}
Group	제천대성
{
	Mob	5163
	Type	drop
	1	50059	1	200
}
Group	비마석
{
	Mob	8001
	Type	drop
	1	20	1	20
	2	4000	1	20
	3	3010	1	20
	4	2010	1	20
	5	7010	1	20
	6	11200	1	20
	7	11400	1	20
	8	11600	1	20
	9	22	1	15
	10	4002	1	15
	11	3012	1	15
	12	2012	1	15
	13	7012	1	15
	14	11202	1	15
	15	11402	1	15
	16	11602	1	15
	17	11802	1	15
	18	27002	50	100
	19	27003	30	50
	20	27005	30	50
	21	27006	20	50
	22	50300	1	10000
	23	50300	1	10000
	24	50300	1	10000
	25	50300	1	10000
	26	25041	1	10000
	27	70102	1	10000
}
Group	전마석
{
	Mob	8002
	Type	drop
	1	5000	1	20
	2	11210	1	20
	3	11410	1	20
	4	11610	1	20
	5	11810	1	20
	6	30	1	20
	7	1010	1	20
	8	3020	1	20
	9	2020	1	20
	10	7020	1	20
	11	5001	1	15
	12	11211	1	15
	13	11411	1	15
	14	11611	1	15
	15	11811	1	15
	16	31	1	15
	17	1011	1	15
	18	3021	1	15
	19	2021	1	15
	20	7021	1	15
	21	5002	1	10
	22	11212	1	10
	23	11412	1	10
	24	11612	1	10
	25	11812	1	10
	26	32	1	5
	27	1012	1	5
	28	3022	1	5
	29	2022	1	5
	30	7022	1	5
	31	27002	50	100
	32	27003	30	50
	33	27005	30	50
	34	27006	20	50
	35	50300	1	10000
	36	50300	1	10000
	37	50300	1	10000
	38	50300	1	10000
	39	25041	1	10000
	40	70102	1	10000
}
Group	투마석
{
	Mob	8003
	Type	drop
	1	40	1	20
	2	4010	1	20
	3	3030	1	20
	4	2030	1	20
	5	7030	1	20
	6	5011	1	20
	7	11210	1	20
	8	11410	1	20
	9	11610	1	20
	10	11810	1	20
	11	41	1	10
	12	4011	1	10
	13	3031	1	10
	14	2031	1	10
	15	7031	1	10
	16	5010	1	10
	17	11211	1	15
	18	11411	1	15
	19	11611	1	15
	20	11811	1	15
	21	42	1	5
	22	4012	1	5
	23	3032	1	5
	24	2032	1	5
	25	7032	1	5
	26	5011	1	5
	27	11212	1	10
	28	11412	1	10
	29	11612	1	10
	30	11812	1	10
	31	27002	50	100
	32	27003	30	50
	33	27005	30	50
	34	27006	20	50
	35	50300	1	10000
	36	50300	1	10000
	37	50300	1	10000
	38	50300	1	10000
	39	25041	1	10000
	40	70102	1	10000
}
Group	욕마석
{
	Mob	8004
	Type	drop
	1	50	1	20
	2	1020	1	20
	3	3040	1	20
	4	2040	1	20
	5	5021	1	20
	6	7041	1	20
	7	51	1	15
	8	1021	1	15
	9	3041	1	15
	10	2041	1	15
	11	5020	1	15
	12	7041	1	15
	13	52	1	10
	14	1022	1	10
	15	3042	1	10
	16	2042	1	10
	17	5021	1	10
	18	7041	1	10
	19	11220	1	15
	20	11420	1	15
	21	11620	1	15
	22	11820	1	15
	23	11221	1	10
	24	11421	1	10
	25	11621	1	10
	26	11821	1	10
	27	27002	50	100
	28	27003	30	50
	29	27005	30	50
	30	27006	20	50
	31	70014	1	1
	32	70037	1	1
	33	50300	1	10000
	34	50300	1	10000
	35	50300	1	10000
	36	50300	1	10000
	37	25041	1	10000
	38	70102	1	10000
}
Group	흑마석
{
	Mob	8005
	Type	drop
	1	60	1	20
	2	4020	1	20
	3	3050	1	20
	4	2050	1	20
	5	7050	1	20
	6	61	1	15
	7	4021	1	15
	8	3051	1	15
	9	2051	1	15
	10	7051	1	15
	11	62	1	10
	12	4022	1	10
	13	3052	1	10
	14	2052	1	10
	15	7052	1	10
	16	11220	1	20
	17	11420	1	20
	18	11620	1	20
	19	11820	1	20
	20	11221	1	15
	21	11421	1	15
	22	11621	1	15
	23	11821	1	15
	24	11222	1	10
	25	11422	1	10
	26	11622	1	10
	27	11822	1	10
	28	27002	50	150
	29	27003	30	100
	30	27005	30	150
	31	27006	20	100
	32	50300	1	10000
	33	70014	1	1
	34	70037	1	1
	35	50300	1	10000
	36	50300	1	10000
	37	50300	1	10000
	38	25041	1	10000
	39	70102	1	10000
}
Group	암마석
{
	Mob	8006
	Type	drop
	1	70	1	20
	2	1030	1	20
	3	3060	1	20
	4	2060	1	20
	5	7060	1	20
	6	5030	1	20
	7	71	1	15
	8	1031	1	15
	9	3061	1	15
	10	2061	1	15
	11	7061	1	15
	12	5030	1	20
	13	11230	1	20
	14	11430	1	20
	15	11630	1	20
	16	11830	1	20
	17	72	1	10
	18	1032	1	10
	19	3062	1	10
	20	2062	1	10
	21	7062	1	10
	22	5031	1	10
	23	11231	1	10
	24	11431	1	10
	25	11631	1	10
	26	11831	1	10
	27	27002	50	150
	28	27003	30	100
	29	27005	30	150
	30	27006	20	100
	31	50300	1	10000
	32	70014	1	1
	33	70037	1	1
	34	50300	1	10000
	35	50300	1	10000
	36	50300	1	10000
	37	25041	1	10000
	38	70102	1	10000
}
Group	질마석
{
	Mob	8007
	Type	drop
	1	11230	1	20
	2	11430	1	20
	3	11630	1	20
	4	11830	1	20
	5	80	1	20
	6	1040	1	20
	7	3070	1	20
	8	2070	1	20
	9	7070	1	20
	10	5040	1	20
	11	11231	1	15
	12	11431	1	15
	13	11631	1	15
	14	11831	1	15
	15	81	1	15
	16	1041	1	15
	17	3071	1	15
	18	2071	1	15
	19	7071	1	15
	20	5041	1	15
	21	11232	1	10
	22	11432	1	10
	23	11632	1	10
	24	11832	1	10
	25	27002	50	150
	26	27003	30	100
	27	27005	30	150
	28	27006	20	100
	29	50300	1	10000
	30	70014	1	1
	31	70037	1	1
	32	50300	1	10000
	33	50300	1	10000
	34	50300	1	10000
	35	25041	1	10000
	36	70102	1	10000
}
Group	혼마석
{
	Mob	8008
	Type	drop
	1	11240	1	20
	2	11440	1	20
	3	11640	1	20
	4	11840	1	20
	5	90	1	20
	6	1050	1	20
	7	3080	1	20
	8	2080	1	20
	9	7080	1	20
	10	5050	1	20
	11	11241	1	15
	12	11441	1	15
	13	11641	1	15
	14	11841	1	15
	15	91	1	15
	16	1051	1	15
	17	3081	1	15
	18	2081	1	15
	19	7081	1	15
	20	5051	1	15
	21	11242	1	10
	22	11442	1	10
	23	11642	1	10
	24	11842	1	10
	25	27002	50	150
	26	27003	30	100
	27	27005	30	150
	28	27006	20	100
	29	50300	1	10000
	30	70014	1	1
	31	70037	1	1
	32	50300	1	10000
	33	50300	1	10000
	34	50300	1	10000
	35	25041	1	10000
	36	70102	1	10000
}
Group	영마석
{
	Mob	8009
	Type	drop
	1	5050	1	20
	2	100	1	20
	3	1060	1	20
	4	2090	1	20
	5	7090	1	20
	6	5051	1	20
	7	11250	1	15
	8	11450	1	15
	9	11650	1	15
	10	11850	1	15
	11	101	1	15
	12	1061	1	15
	13	2091	1	15
	14	7091	1	15
	15	5052	1	15
	16	11251	1	15
	17	11451	1	15
	18	11651	1	15
	19	11851	1	15
	20	102	1	10
	21	1062	1	10
	22	2092	1	10
	23	7092	1	10
	24	11252	1	10
	25	11452	1	10
	26	11652	1	10
	27	11852	1	10
	28	27002	50	150
	29	27003	30	100
	30	27005	30	150
	31	27006	20	100
	32	50300	1	10000
	33	70014	1	1
	34	70037	1	1
	35	100300	1	1
	36	50513	1	10000
	37	50300	1	10000
	38	50300	1	10000
	39	70102	1	10000
	40	50300	1	10000
	41	25041	1	10000
}
Group	강마석
{
	Mob	8010
	Type	drop
	1	11250	1	20
	2	11450	1	20
	3	11650	1	20
	4	11850	1	20
	5	110	1	20
	6	1070	1	20
	7	2100	1	20
	8	7100	1	20
	9	5060	1	20
	10	11251	1	15
	11	11451	1	15
	12	11651	1	15
	13	11851	1	15
	14	111	1	15
	15	1071	1	15
	16	2101	1	15
	17	7101	1	15
	18	5061	1	15
	19	11252	1	10
	20	11452	1	10
	21	11652	1	10
	22	11852	1	10
	23	27002	50	150
	24	27003	30	100
	25	27005	30	150
	26	27006	20	100
	27	50300	1	10000
	28	70014	1	1
	29	70037	1	1
	30	100300	1	1
	31	50513	1	10000
	32	50300	1	10000
	33	50300	1	10000
	34	70102	1	10000
	35	50300	1	10000
	36	25041	1	10000
}
Group	악마석
{
	Mob	8011
	Type	drop
	1	120	1	30
	2	1080	1	30
	3	2110	1	30
	4	7110	1	30
	5	5070	1	30
	6	121	1	20
	7	1081	1	20
	8	2111	1	20
	9	7111	1	20
	10	5071	1	20
	11	122	1	15
	12	1082	1	15
	13	2112	1	15
	14	7112	1	15
	15	5072	1	15
	16	27002	50	150
	17	27003	30	100
	18	27005	30	150
	19	27006	20	100
	20	50300	1	10000
	21	70014	1	1
	22	70037	1	1
	23	100300	1	1
	24	50513	1	10000
	25	50300	1	10000
	26	50300	1	10000
	27	70102	1	10000
	28	50300	1	10000
	29	25041	1	10000
}
Group	운마석
{
	Mob	8012
	Type	drop
	1	130	1	30
	2	1090	1	30
	3	2120	1	30
	4	7120	1	30
	5	5080	1	30
	6	131	1	20
	7	1091	1	20
	8	2121	1	20
	9	7121	1	20
	10	5081	1	20
	11	132	1	15
	12	1092	1	15
	13	2122	1	15
	14	7122	1	15
	15	5082	1	15
	16	27002	50	150
	17	27003	30	100
	18	27005	30	150
	19	27006	20	100
	20	50300	2	10000
	21	70014	1	1
	22	70037	1	1
	23	100300	1	1
	24	50513	1	10000
	25	50300	1	10000
	26	50300	1	10000
	27	70102	1	10000
	28	50300	1	10000
	29	25041	1	10000
}
Group	사마석
{
	Mob	8013
	Type	drop
	1	120	1	25
	2	1080	1	25
	3	2110	1	25
	4	7110	1	25
	5	5070	1	25
	6	121	1	20
	7	1081	1	20
	8	2111	1	20
	9	7111	1	20
	10	5071	1	20
	11	122	1	15
	12	1082	1	15
	13	2112	1	15
	14	7112	1	15
	15	5072	1	15
	16	27002	50	150
	17	27003	30	100
	18	27005	30	150
	19	27006	20	100
	20	50300	1	10000
	21	70014	1	1
	22	70037	1	1
	23	100300	1	1
	24	50513	1	10000
	25	50300	1	10000
	26	50300	1	10000
	27	70102	1	10000
	28	50300	1	10000
	29	25041	1	10000
}
Group	살마석
{
	Mob	8014
	Type	drop
	1	130	1	25
	2	1090	1	25
	3	2120	1	25
	4	7120	1	25
	5	5080	1	25
	6	131	1	20
	7	1091	1	20
	8	2121	1	20
	9	7121	1	20
	10	5081	1	20
	11	132	1	15
	12	1092	1	15
	13	2122	1	15
	14	7122	1	15
	15	5082	1	15
	16	27002	50	150
	17	27003	30	100
	18	27005	30	150
	19	27006	20	100
	20	50300	1	10000
	21	70014	1	50
	22	70037	1	50
	23	100300	1	1
	24	50513	1	10000
	25	50300	1	10000
	26	50300	1	10000
	27	70102	1	10000
	28	50300	1	10000
	29	25041	1	10000
}
Group	강마석
{
	Mob	8015
	Type	drop
	1	110	1	10
	2	1070	1	10
	3	2100	1	10
	4	7100	1	10
	5	5060	1	10
	6	111	1	5
	7	1071	1	5
	8	2101	1	5
	9	7101	1	5
	10	5061	1	1
	11	27002	50	150
	12	27003	30	100
	13	27005	30	150
	14	27006	20	100
	15	50300	1	15
	16	70014	1	1
	17	70037	1	1
	18	100300	1	1
	19	50513	1	15
	20	70102	1	15
}
Group	악마석
{
	Mob	8016
	Type	drop
	1	120	1	20
	2	1080	1	20
	3	2110	1	20
	4	7110	1	20
	5	5070	1	20
	6	121	1	10
	7	1081	1	10
	8	2111	1	10
	9	7111	1	10
	10	5071	1	10
	11	122	1	5
	12	1082	1	5
	13	2112	1	5
	14	7112	1	5
	15	5072	1	5
	16	27002	50	100
	17	27003	30	200
	18	27005	30	100
	19	27006	20	150
	20	50300	1	15
	21	70014	1	1
	22	70037	1	1
	23	100300	1	1
	24	50513	1	15
	25	70102	1	15
}
Group	운마석
{
	Mob	8017
	Type	drop
	1	130	1	20
	2	1090	1	20
	3	2120	1	20
	4	7120	1	20
	5	5080	1	20
	6	131	1	10
	7	1091	1	10
	8	2121	1	10
	9	7121	1	10
	10	5081	1	10
	11	132	1	5
	12	1092	1	5
	13	2122	1	5
	14	7122	1	5
	15	5082	1	5
	16	27002	50	100
	17	27003	30	200
	18	27005	30	100
	19	27006	20	150
	20	50300	1	15
	21	70014	1	1
	22	70037	1	1
	23	100300	1	1
	19	50513	1	15
	20	70102	1	15
}
Group	사마석
{
	Mob	8018
	Type	drop
	1	120	1	15
	2	1080	1	15
	3	2110	1	15
	4	7110	1	15
	5	5070	1	15
	6	121	1	10
	7	1081	1	10
	8	2111	1	10
	9	7111	1	10
	10	5071	1	10
	11	122	1	5
	12	1082	1	5
	13	2112	1	5
	14	7112	1	5
	15	5072	1	5
	16	27002	50	100
	17	27003	30	200
	18	27005	30	100
	19	27006	20	150
	20	50300	1	15
	21	70014	1	1
	22	70037	1	1
	23	100300	1	1
	19	50513	1	15
	20	70102	1	15
}
Group	살마석
{
	Mob	8019
	Type	drop
	1	130	1	15
	2	1090	1	15
	3	2120	1	15
	4	7120	1	15
	5	5080	1	15
	6	131	1	10
	7	1091	1	10
	8	2121	1	10
	9	7121	1	10
	10	5081	1	10
	11	132	1	5
	12	1092	1	5
	13	2122	1	5
	14	27002	50	100
	15	27003	30	200
	16	27005	30	100
	17	27006	20	150
	18	50300	1	15
	19	70014	1	1
	20	70037	1	1
	21	100300	1	1
	19	50513	1	15
	20	70102	1	15
}
Group	풍마석
{
	Mob	8024
	Type	drop
	1	3140	1	10
	2	3141	1	5
	3	1110	1	10
	4	1111	1	5
	5	2130	1	10
	6	2131	1	5
	7	7140	1	10
	8	7141	1	5
	9	5100	1	10
	10	5101	1	5
	11	160	1	10
	12	161	1	5
	13	240	1	10
	14	241	1	5
	15	27002	50	100
	16	27003	30	200
	17	27005	30	100
	18	27006	20	150
	19	70014	1	1
	20	70037	1	1
	21	12280	1	0.05
	22	12400	1	0.05
	23	12540	1	0.05
	24	12680	1	0.05
	25	12281	1	0.0125
	26	12401	1	0.0125
	27	12541	1	0.0125
	28	12681	1	0.0125
	29	100300	1	1
	30	50513	1	10000
	31	25041	1	10000
	32	50300	1	10000
	33	50300	1	10000
	34	50300	1	10000
	35	70102	1	10000
	36	50300	1	10000
}
Group	마안석
{
	Mob	8025
	Type	drop
	1	3141	1	10
	2	3142	1	5
	3	1111	1	10
	4	1112	1	5
	5	2131	1	10
	6	2132	1	5
	7	7141	1	10
	8	7142	1	5
	9	5101	1	10
	10	5102	1	5
	11	161	1	10
	12	162	1	5
	13	241	1	10
	14	242	1	5
	15	27002	50	100
	16	27003	30	200
	17	27005	30	100
	18	27006	20	150
	19	70014	1	1
	20	70037	1	1
	21	12280	1	0.05
	22	12400	1	0.05
	23	12540	1	0.05
	24	12680	1	0.05
	25	12281	1	0.0125
	26	12401	1	0.0125
	27	12541	1	0.0125
	28	12681	1	0.0125
	29	100300	1	1
	30	50513	1	10000
	31	25041	1	10000
	32	50300	1	10000
	33	50300	1	10000
	34	50300	1	10000
	35	70102	1	10000
	36	50300	1	10000
}
Group	투용석
{
	Mob	8026
	Type	drop
	1	3142	1	10
	2	3143	1	25
	3	1112	1	15
	4	1113	1	10
	5	2132	1	25
	6	2133	1	15
	7	7142	1	10
	8	7143	1	25
	9	5102	1	15
	10	5103	1	10
	11	162	1	25
	12	163	1	15
	13	242	1	10
	14	243	1	25
	15	11681	1	15
	16	11682	1	10
	17	11881	1	25
	18	11882	1	15
	19	11481	1	10
	20	11482	1	25
	21	11281	1	15
	22	11282	1	9
	23	70038	1	15
	24	25040	1	21
	25	70048	1	20
	26	70037	1	25
	27	70014	1	25
	28	72006	1	20
	29	70005	1	20
	30	27002	50	100
	31	27003	30	200
	32	27005	30	100
	33	27006	20	150
	34	70014	1	1
	35	70037	1	1
	36	100300	1	1
	37	50513	1	10000
	38	25041	1	10000
	39	50300	1	10000
	40	50300	1	10000
	41	50300	1	10000
	42	70102	1	10000
	43	50300	1	10000
}
Group	전운석
{
	Mob	8027
	Type	drop
	1	151	1	7
	2	152	1	6
	3	153	1	5
	4	5091	1	7
	5	5092	1	6
	6	5093	1	5
	7	141	1	5
	8	142	1	15
	9	143	1	10
	10	3131	1	7
	11	3132	1	6
	12	3133	1	5
	13	1101	1	7
	14	1102	1	6
	15	1103	1	5
	16	7131	1	7
	17	7132	1	6
	18	7133	1	5
	19	2141	1	7
	20	2142	1	6
	21	2143	1	5
	22	11681	1	5
	23	11682	1	15
	24	11683	1	10
	25	11881	1	5
	26	11882	1	15
	27	11883	1	10
	28	11481	1	5
	29	11482	1	15
	30	11483	1	10
	31	11281	1	5
	32	11282	1	15
	33	11283	1	10
	34	17164	1	9
	35	17165	1	24
	36	17166	1	14
	37	16164	1	9
	38	16165	1	24
	39	16166	1	14
	40	14164	1	9
	41	14165	1	24
	42	14166	1	14
	43	70012	1	15
	44	70038	1	15
	45	25040	1	21
	46	70048	1	20
	47	70037	1	25
	48	70014	1	25
	49	72006	1	20
	50	70005	1	20
	51	27002	50	100
	52	27003	30	200
	53	27005	30	100
	54	27006	20	150
	55	50300	1	10000
	56	70014	1	1
	57	70037	1	1
	58	100300	1	1
	59	50513	1	10000
	60	25041	1	10000
	61	50300	1	10000
	62	50300	1	10000
	63	70102	1	10000
	64	50300	1	10000
}
Group	혼마석			
{				
	mob	8051		
	Type	drop		
	1	30500	1	100
	2	30506	1	100
	3	30512	1	100
	4	30518	1	100
	5	145	1	10
	6	156	1	5
	7	1107	1	10
	8	7145	1	10
	9	11296	1	5
	10	11497	1	5
	11	70012	1	30
	12	39006	1	30
	13	25040	1	10
	14	70048	1	40
	15	70037	1	50
	16	70014	1	50
	17	72006	1	40
	18	39002	1	40
	19	27002	50	100
	20	27003	30	200
	21	27005	30	100
	22	27006	20	150
	23	50300	1	10000
	24	70014	1	1
	25	70037	1	1
	26	100300	1	1
	27	50513	1	10000
	28	25041	1	10000
	29	50300	1	10000
	30	50300	1	10000
	31	70102	1	10000
	32	50300	1	10000
}				
				
Group	귀마석			
{				
	mob	8052		
	Type	drop		
	1	30501	1	100
	2	30507	1	100
	3	30513	1	100
	4	30519	1	100
	5	146	1	5
	6	157	1	10
	7	5105	1	10
	8	7146	1	5
	9	11297	1	5
	10	70012	1	30
	11	39006	1	30
	12	25040	1	10
	13	70048	1	40
	14	70037	1	50
	15	70014	1	50
	16	72006	1	40
	17	39002	1	40
	18	27002	50	100
	19	27003	30	200
	20	27005	30	100
	21	27006	20	150
	22	50300	1	10000
	23	70014	1	1
	24	70037	1	1
	25	100300	1	1
	26	50513	1	10000
	27	25041	1	10000
	28	50300	1	10000
	29	50300	1	10000	
	30	70102	1	10000
	31	50300	1	10000
}				
				
Group	폭마석			
{				
	mob	8053		
	Type	drop		
	1	30502	1	100
	2	30508	1	100
	3	30514	1	100
	4	30520	1	100
	5	147	1	10
	6	3145	1	10
	7	5106	1	5
	8	7147	1	10
	9	11895	1	5
	10	70012	1	30
	11	39006	1	30
	12	25040	1	10
	13	70048	1	40
	14	70037	1	50
	15	70014	1	50
	16	72006	1	40
	17	39002	1	40
	18	27002	50	100
	19	27003	30	200
	20	27005	30	100
	21	27006	20	150
	22	50300	1	10000
	23	70014	1	1
	24	70037	1	1
	25	100300	1	1
	26	50513	1	10000
	27	25041	1	10000
	28	50300	1	10000
	29	50300	1	10000
	30	70102	1	10000
	31	50300	1	10000
}				
				
Group	용마석			
{				
	mob	8054		
	Type	drop		
	1	30503	1	100
	2	30509	1	100
	3	30515	1	100
	4	30521	1	100
	5	2145	1	10
	6	3146	1	5
	7	5107	1	10
	8	11695	1	5
	9	11896	1	5
	10	70012	1	30
	11	39006	1	30
	12	25040	1	42
	13	70048	1	40
	14	70037	1	50
	15	70014	1	50
	16	72006	1	40
	17	39002	1	40
	18	27002	50	100
	19	27003	30	200
	20	27005	30	100
	21	27006	20	150
	22	50300	1	10000
	23	70014	1	1
	24	70037	1	1
	25	100300	1	1
	26	50513	1	10000
	27	25041	1	10000
	28	50300	1	10000
	29	50300	1	10000
	30	70102	1	10000
	31	50300	1	10000
}				
				
Group	지마석			
{				
	mob	8055		
	Type	drop		
	1	30504	1	100
	2	30510	1	100
	3	30516	1	100
	4	30522	1	100
	5	1105	1	10
	6	2146	1	5
	7	3147	1	10
	8	11495	1	5
	9	11696	1	5
	10	11897	1	5
	11	70012	1	30
	12	39006	1	30
	13	25040	1	10
	14	70048	1	40
	15	70037	1	50
	16	70014	1	50
	17	72006	1	40
	18	39002	1	40
	19	27002	50	100
	20	27003	30	200
	21	27005	30	100
	22	27006	20	150
	23	50300	1	10000
	24	70014	1	1
	25	70037	1	1
	26	100300	1	1
	27	50513	1	10000
	28	25041	1	10000
	29	50300	1	10000
	30	50300	1	10000
	31	70102	1	10000
	32	50300	1	10000
}				
				
Group	망마석			
{				
	mob	8056		
	Type	drop		
	1	30505	1	100
	2	30511	1	100
	3	30517	1	100
	4	30523	1	100
	5	155	1	10
	6	1106	1	5
	7	2147	1	10
	8	11295	1	5
	9	11496	1	5
	10	11697	1	5
	11	70012	1	30
	12	39006	1	30
	13	25040	1	10
	14	70048	1	40
	15	70037	1	50
	16	70014	1	50
	17	72006	1	40
	18	39002	1	40
	19	27002	50	100
	20	27003	30	200
	21	27005	30	100
	22	27006	20	150
	23	50300	1	10000
	24	70014	1	1
	25	70037	1	1
	26	100300	1	1
	27	50513	1	10000
	28	25041	1	10000
	29	50300	1	10000
	30	50300	1	10000
	31	70102	1	10000
	32	50300	1	10000
}

Group	빙마
{
	Mob	11041
	Type	drop
	1	50726	1	2
}
Group	Setaou-Anf?rer97
{
	Level_limit	85
	Mob	2475
	Type	limit
	1	171	1	0.07
	2	12246	1	0.12
	3	14141	1	0.12
	4	16183	1	0.21
	5	50060	1	0.08
	6	50009	1	0.34
	7	50724	5	1.25
	8	50728	5	1.25
	9	244	1	0.34
	10	146	1	0.27
	11	1114	1	0.34
	12	5104	1	0.34
	13	70031	1	0.01
}
Group	Setaou-Soldat80
{
	Level_limit	80
	Mob	2431
	Type	limit
	1	13063	1	0.16
	2	14206	1	0.14
	3	50060	1	0.08
	4	27987	1	0.1
	5	50721	5	1.25
	6	50725	5	1.25
	7	70051	1	0.39
	8	16065	1	0.48
	9	70031	1	0.01
}
Group	Setaou-J?er82
{
	Level_limit	80
	Mob	2432
	Type	limit
	1	13083	1	0.16
	2	8005	10	0.94
	3	8005	20	0.36
	4	27987	1	0.1
	5	50722	5	1.25
	6	50726	5	1.25
	7	70050	1	0.39
	8	17104	1	0.22
	9	70031	1	0.01
}
Group	Setaou-Seherin82
{
	Level_limit	80
	Mob	2433
	Type	limit
	1	13103	1	0.16
	2	15165	1	0.17
	3	16203	1	0.11
	4	17184	1	0.27
	5	17203	1	0.323
	6	27987	1	0.1
	7	50723	5	1.25
	8	50727	5	1.25
	9	17105	1	0.34
	10	70031	1	0.01
}
Group	Setaou-Anf?rer83
{
	Level_limit	80
	Mob	2434
	Type	limit
	1	13123	1	0.16
	2	14143	1	0.17
	3	15204	1	0.22
	4	16184	1	0.11
	5	50060	1	0.08
	6	27987	1	0.1
	7	50724	5	1.25
	8	50728	5	1.25
	9	70031	1	0.01
}
Group	Setaou-Soldat84
{
	Level_limit	80
	Mob	2451
	Type	limit
	1	11690	1	0.06
	2	11691	1	0.05
	3	13064	1	0.11
	4	50060	1	0.08
	5	27987	1	0.1
	6	50721	5	1.25
	7	50725	5	1.25
	8	70031	1	0.01
}
Group	Setaou-J?er86
{
	Level_limit	80
	Mob	2452
	Type	limit
	1	11490	1	0.06
	2	11491	1	0.05
	3	13084	1	0.11
	4	8005	10	0.94
	5	8005	20	0.36
	6	27987	1	0.1
	7	50009	1	0.34
	8	50722	5	1.25
	9	50726	5	1.25
	10	70031	1	0.01
}
Group	Setaou-Seherin88
{
	Level_limit	80
	Mob	2453
	Type	limit
	1	11890	1	0.06
	2	11891	1	0.05
	3	13104	1	0.11
	4	16204	1	0.17
	5	17204	1	0.16
	6	27987	1	0.1
	7	50009	1	0.34
	8	70031	1	0.01
}
Group	Setaou-Anf?rer90
{
	Level_limit	80
	Mob	2454
	Type	limit
	1	11290	1	0.06
	2	11291	1	0.05
	3	13124	1	0.11
	4	15205	1	0.17
	5	50060	1	0.08
	6	50009	1	0.34
	7	70051	1	0.39
	8	70050	1	0.39
	9	70031	1	0.01
}
Group	아귀			
{				
	Level_limit	75		
	Mob	2501		
	Type	limit		
	1	50722	1	0.1
}				
				
Group	아귀견			
{				
	Level_limit	75		
	Mob	2502		
	Type	limit		
	1	50723	1	0.1
				
}				
				
Group	아귀감염자			
{				
	Level_limit	75		
	Mob	2503		
	Type	limit		
	1	50724	1	0.1
}				
				
Group	아귀돌격병			
{				
	Level_limit	75		
	Mob	2504		
	Type	limit		
	1	50725	1	0.1
}				
				
Group	아귀감염창병			
{				
	Level_limit	75		
	Mob	2505		
	Type	limit		
	1	50726	1	0.1
}				
				
Group	아귀감염궁수			
{				
	Level_limit	75		
	Mob	2506		
	Type	limit		
	1	50727	1	0.1
	2	12260	1	0.02
	3	12390	1	0.02
	4	12530	1	0.02
	5	12670	1	0.02
	6	11280	1	0.05
	7	11880	1	0.05
	8	11480	1	0.05
	9	11680	1	0.05
}				
				
Group	아귀감염장수			
{				
	Level_limit	75		
	Mob	2507		
	Type	limit		
	1	50728	1	0.1
	2	12260	1	0.02
	3	12390	1	0.02
	4	12530	1	0.02
	5	12670	1	0.02
	6	11280	1	0.05
	7	11880	1	0.05
	8	11480	1	0.05
	9	11680	1	0.05
}				
				
Group	부활한아귀병			
{				
	Level_limit	75		
	Mob	2541		
	Type	limit		
	1	50722	1	0.2
	2	50723	1	0.2
	3	12260	1	0.02
	4	12390	1	0.02
	5	12530	1	0.02
	6	12670	1	0.02
	7	14180	1	0.05
	8	14200	1	0.025
	9	16180	1	0.05
	10	16200	1	0.025
	11	17180	1	0.05
	12	17200	1	0.025
}				
				
Group	부활한아귀궁병			
{				
	Level_limit	75		
	Mob	2542		
	Type	limit		
	1	50722	1	0.2
	2	50723	1	0.2
	3	12260	1	0.04
	4	12390	1	0.04
	5	12530	1	0.04
	6	12670	1	0.04
	7	14220	1	0.01
	8	16220	1	0.01
	9	17220	1	0.01
}				
				
Group	부활한아귀창병			
{				
	Level_limit	75		
	Mob	2543		
	Type	limit		
	1	50724	1	0.2
	2	50725	1	0.2
	3	13060	1	0.02
	4	13080	1	0.02
	5	13100	1	0.02
	6	13120	1	0.02
	7	14180	1	0.05
	8	14200	1	0.025
	9	16180	1	0.05
	10	16200	1	0.025
	11	17180	1	0.05
	12	17200	1	0.025
}				
				
Group	부활한아귀주술사			
{				
	Level_limit	75		
	Mob	2544		
	Type	limit		
	1	50724	1	0.2
	2	50725	1	0.2
	3	12280	1	0.01
	4	12400	1	0.01
	5	12540	1	0.01
	6	12680	1	0.01
}				
				
Group	부활한아귀검병			
{				
	Level_limit	75		
	Mob	2545		
	Type	limit		
	1	50726	1	0.2
	2	50727	1	0.2
	3	13140	1	0.015
	4	13060	1	0.03
	5	13080	1	0.03
	6	13100	1	0.03
	7	13120	1	0.03
}				
				
Group	부활한아귀마검사			
{				
	Level_limit	75		
	Mob	2546		
	Type	limit		
	1	50726	1	0.2
	2	50727	1	0.2
	3	13140	1	0.02
	4	14220	1	0.02
	5	16220	1	0.02
	6	17220	1	0.02
	7	14180	1	0.05
	8	14200	1	0.025
	9	16180	1	0.05
	10	16200	1	0.025
	11	17180	1	0.05
	12	17200	1	0.025
}				
				
Group	부활한아귀장수			
{				
	Level_limit	75		
	Mob	2547		
	Type	limit		
	1	50728	1	0.2
	2	12280	1	0.025
	3	12400	1	0.025
	4	12540	1	0.025
	5	12680	1	0.025
	6	13140	1	0.025
	7	11290	1	0.02
	8	11490	1	0.02
	9	11890	1	0.02
	10	11690	1	0.02
}				
				
Group	아귀대장군			
{				
	Level_limit	75		
	Mob	2591		
	Type	limit		
	1	12281	1	0.05
	2	12401	1	0.08
	3	12541	1	0.08
	4	12681	1	0.08
	5	13141	1	0.08
	6	14220	1	0.08
	7	16220	1	0.08
	8	17220	1	0.08
	9	11291	1	0.1
	10	11491	1	0.1
	11	11891	1	0.1
	12	11691	1	0.1
}				
				
Group	아귀왕염천			
{				
	Level_limit	75		
	Mob	2597		
	Type	limit		
	1	12282	1	0.025
	2	12402	1	0.1
	3	12542	1	0.1
	4	12682	1	0.1
	5	13142	1	0.1
	6	14220	1	0.1
	7	16220	1	0.1
	8	17220	1	0.1
	9	11291	1	0.15
	10	11491	1	0.15
	11	11891	1	0.15
	12	11691	1	0.15
}				
				
Group	아귀대제파황			
{				
	Level_limit	75		
	Mob	2598		
	Type	limit		
	1	50186	1	100
	2	12283	1	0.2
	3	12403	1	0.2
	4	12543	1	0.2
	5	12683	1	0.2
	6	13143	1	0.2
	7	14220	1	0.2
	8	16220	1	0.2
	9	17220	1	0.2
	10	11291	1	0.25
	11	11491	1	0.25
	12	11891	1	0.25
	13	11691	1	0.25
	14	3140	1	0.4
	15	1110	1	0.4
	16	2130	1	0.4
	17	7140	1	0.4
	18	5100	1	0.4
	19	160	1	0.4
	20	240	1	0.4
	21	70254	1	10000
}
Group	사신			
{				
	Mob	1093
	Type	drop
	1	30319	1	10000
	2	70253	1	10000
	3	50513	1	10000
}

Group	Lusifer
{
	Level_limit	75
	Mob	1093
	Type	limit
	1	50082	1	100
}

Group	투귀병			
{				
	Type	limit		
	Mob	1401		
	level_limit	50		
	1	50723	1	2
	2	50067	1	4
	3	50068	1	2
}				
				
Group	투귀척후병			
{				
	Type	limit		
	Mob	1402		
	level_limit	50		
	1	50067	1	4
	2	50068	1	2
}				
				
Group	석인			
{				
	Type	limit		
	Mob	1501		
	level_limit	50		
	1	50067	1	3
	2	50068	1	2
}				
				
Group	투석인			
{				
	Type	limit		
	Mob	1502		
	level_limit	50		
	1	50067	1	3
	2	50068	1	2
}				
				
Group	거대투석인			
{				
	Type	limit		
	Mob	1503		
	level_limit	50		
	1	50723	1	4
	2	50067	1	3
	3	50068	1	2
}				
				
Group	투귀일군			
{				
	Type	limit		
	Mob	1601		
	level_limit	50		
	1	50067	1	3
	2	50068	1	2
}				
				
Group	투귀감찰병			
{				
	Type	limit		
	Mob	1602		
	level_limit	50		
	1	50067	1	4
	2	50068	1	3
}				
				
Group	투귀천장수1			
{				
	Type	drop		
	Mob	1403		
	1	50067	1	16
	2	50068	1	12
}				
				
Group	투귀백장수2			
{				
	Type	drop		
	Mob	1603		
	1	50067	1	16
	2	50068	1	12
}
Group	거미동굴3층_여왕거미_피리드롭
{				
	Type	limit		
	Mob	2094		
	level_limit	60		
	1	30327	1	100
}

Group	새끼사나운독거미			
{				
	type	limit		
	mob	2071		
	level_limit	60		
	1	혈검+4	1	0.5
	2	묵검+4	1	0.5
	3	비선검+4	1	0.5
	4	반월도+4	1	0.5
	5	호신환패+6	1	0.5
	6	13194	1	0.5
	7	13205	1	0.5
	8	응룡갑패+0	1	0.05
	9	사자각패+0	1	0.05
}				
				
Group	맹사나운독거미			
{				
	type	limit		
	mob	2072		
	level_limit	60		
	1	마정도+4	1	0.5
	2	혈마검+4	1	0.5
	3	무극검+4	1	0.5
	4	봉마검+4	1	0.5
	5	법모+6	1	0.5
	6	태을모+5	1	0.5
	7	선광모+4	1	0.5
	8	나한호패+0	1	0.05
	9	용린패+0	1	0.05
}				
				
Group	붉은맹사나운독거미			
{				
	type	limit		
	mob	2073		
	level_limit	60		
	1	천엽궁+4	1	0.5
	2	소마궁+4	1	0.5
	3	천마궁+4	1	0.5
	4	사일대궁+4	1	0.5
	5	적혈투구+6	1	0.5
	6	애희투구+5	1	0.5
	7	북성투구+4	1	0.5
	8	용린패+0	1	0.1
}				
				
Group	집게사나운독거미			
{				
	type	limit		
	mob	2074		
	level_limit	60		
	1	빙검+4	1	0.5
	2	십이지검+4	1	0.5
	3	제세검+4	1	0.5
	4	사자융+4	1	0.5
	5	가죽두건+6	1	0.5
	6	연환두건+5	1	0.5
	7	철륜두건+4	1	0.5
	8	용린패+0	1	0.1
}				
				
Group	병정사나운독거미			
{				
	type	limit		
	mob	2075		
	level_limit	60		
	1	퇴혼령+4	1	0.5
	2	금사령+4	1	0.5
	3	철사령+4	1	0.5
	4	역사승+6	1	0.5
	5	철편투구+5	1	0.5
	6	귀면투구+4	1	0.5
	7	사자각패+0	1	0.1
}				
				
Group	진병정사나운독거미			
{				
	type	limit		
	mob	2076		
	level_limit	60		
	1	퇴혼령+4	1	0.5
	2	금사령+4	1	0.5
	3	철사령+4	1	0.5
	4	역사승+6	1	0.5
	5	철편투구+5	1	0.5
	6	귀면투구+4	1	0.5
	7	사자각패+0	1	0.1
}				

Group	여왕거미2층잡템드롭				
{					
	Level_limit	60			
	Mob	2091			
	Type	limit			
	1	30326	1	50	
}					


Group	대왕거미			
{				
	type	limit		
	mob	2092		
	level_limit	60		
	1	14163	1	50
	2	14182	1	40
	3	14201	1	30
	4	16163	1	50
	5	16182	1	40
	6	16201	1	30
	7	17163	1	50
	8	17182	1	40
	9	17201	1	30
	10	13062	1	20
	11	13082	1	20
	12	13102	1	20
	13	13122	1	20
	14	13140	1	20
	15	70058	1	10
	16	70058	1	10
	17	70058	1	10
	18	70058	1	10
	19	70058	1	10
	20	71130	1	30
	21	71130	1	30
	22	71130	1	30
	23	71130	1	30
	24	71130	1	30
	25	183	1	5
	26	184	1	5
	27	193	1	5
	28	194	1	5
	29	3163	1	5
	30	3164	1	5
	31	2173	1	5
	32	2174	1	5
	33	1133	1	5
	34	1134	1	5
	35	7153	1	15
	36	7154	1	10
	37	5123	1	5
	38	5124	1	5
	39	11293	1	10
	40	11294	1	10
	41	11493	1	10
	42	11494	1	10
	43	11693	1	10
	44	11694	1	10
	45	11893	1	10
	46	11894	1	10
}

Group	낭인병				
{					
	type 	kill			
	mob	3001			
	kill_drop	400			
	1	30500	1	100	0
	2	30512	1	100	0
}					
					
Group	낭인궁사				
{					
	type 	kill			
	mob	3002			
	kill_drop	300			
	1	30500	1	100	0
	2	30512	1	100	0
}					
					
Group	낭인척후병				
{					
	type 	kill			
	mob	3003			
	kill_drop	250			
	1	30500	1	100	0
	2	30512	1	100	0
}					
					
Group	낭인대법사				
{					
	type 	kill			
	mob	3004			
	kill_drop	200			
	1	30500	1	100	0
	2	30512	1	100	0
}					
					
Group	낭인상급장군				
{					
	type 	kill			
	mob	3005			
	kill_drop	150			
	1	30500	1	100	0
	2	30512	1	100	0
}					
					
Group	낭인족부족장				
{					
	type 	kill			
	mob	3090			
	kill_drop	1			
	1	30500	1	100	0
	2	30512	1	100	0
}					
					
Group	낭인족장				
{					
	type 	kill			
	mob	3091			
	kill_drop	1			
	1	30500	1	100	0
	2	30512	1	100	0
}					
					
Group	외안투귀병				
{					
	type 	kill			
	mob	3101			
	kill_drop	400			
	1	30506	1	100	0
	2	30510	1	100	0
	3	30522	1	100	0
}					
					
Group	외안투귀척후병				
{					
	type 	kill			
	mob	3102			
	kill_drop	300			
	1	30506	1	100	0
	2	30510	1	100	0
	3	30522	1	100	0
}					
					
Group	외안투귀법사				
{					
	type 	kill			
	mob	3103			
	kill_drop	250			
	1	30506	1	100	0
	2	30510	1	100	0
	3	30522	1	100	0
}					
					
Group	외안투귀장군				
{					
	type 	kill			
	mob	3104			
	kill_drop	200			
	1	30506	1	100	0
	2	30510	1	100	0
	3	30522	1	100	0
}					
					
Group	외안투귀상급장군				
{					
	type 	kill			
	mob	3105			
	kill_drop	150			
	1	30506	1	100	0
	2	30510	1	100	0
	3	30522	1	100	0
}					
					
Group	외안투귀족부족장				
{					
	type 	kill			
	mob	3190			
	kill_drop	1			
	1	30506	1	100	0
	2	30510	1	100	0
	3	30522	1	100	0
}					
					
Group	외안투귀족장				
{					
	type 	kill			
	mob	3191			
	kill_drop	1			
	1	30506	1	100	0
	2	30510	1	100	0
	3	30522	1	100	0
}					
					
Group	범익병				
{					
	type 	kill			
	mob	3201			
	kill_drop	400			
	1	30504	1	100	0
	2	30516	1	100	0
	3	30521	1	100	0
}					
					
Group	범익척후병				
{					
	type 	kill			
	mob	3202			
	kill_drop	300			
	1	30504	1	100	0
	2	30516	1	100	0
	3	30521	1	100	0
}					
					
Group	범익법사				
{					
	type 	kill			
	mob	3203			
	kill_drop	250			
	1	30504	1	100	0
	2	30516	1	100	0
	3	30521	1	100	0
}					
					
Group	범익장군				
{					
	type 	kill			
	mob	3204			
	kill_drop	200			
	1	30504	1	100	0
	2	30516	1	100	0
	3	30521	1	100	0
}					
					
Group	범익상급장군				
{					
	type 	kill			
	mob	3205			
	kill_drop	150			
	1	30504	1	100	0
	2	30516	1	100	0
	3	30521	1	100	0
}					
					
Group	범익족부족장				
{					
	type 	kill			
	mob	3290			
	kill_drop	1			
	1	30504	1	100	0
	2	30516	1	100	0
	3	30521	1	100	0
}					
					
Group	범익족장				
{					
	type 	kill			
	mob	3291			
	kill_drop	1			
	1	30504	1	100	0
	2	30516	1	100	0
	3	30521	1	100	0
}					
					
Group	망량병				
{					
	type 	kill			
	mob	3301			
	kill_drop	400			
	1	30503	1	100	0
	2	30509	1	100	0
	3	30513	1	100	0
	4	30523	1	100	0
}					
					
Group	망량척후병				
{					
	type 	kill			
	mob	3302			
	kill_drop	300			
	1	30503	1	100	0
	2	30509	1	100	0
	3	30513	1	100	0
	4	30523	1	100	0
}					
					
Group	망량법사				
{					
	type 	kill			
	mob	3303			
	kill_drop	250			
	1	30503	1	100	0
	2	30509	1	100	0
	3	30513	1	100	0
	4	30523	1	100	0
}					
					
Group	망량장군				
{					
	type 	kill			
	mob	3304			
	kill_drop	200			
	1	30503	1	100	0
	2	30509	1	100	0
	3	30513	1	100	0
	4	30523	1	100	0
}					
					
Group	망량상급장군				
{					
	type 	kill			
	mob	3305			
	kill_drop	150			
	1	30503	1	100	0
	2	30509	1	100	0
	3	30513	1	100	0
	4	30523	1	100	0
}					
					
Group	망량족부족장				
{					
	type 	kill			
	mob	3390			
	kill_drop	1			
	1	30503	1	100	0
	2	30509	1	100	0
	3	30513	1	100	0
	4	30523	1	100	0
}					
					
Group	망량족장				
{					
	type 	kill			
	mob	3391			
	kill_drop	1			
	1	30503	1	100	0
	2	30509	1	100	0
	3	30513	1	100	0
	4	30523	1	100	0
}					
					
Group	어인병				
{					
	type 	kill			
	mob	3401			
	kill_drop	400			
	1	30501	1	100	0
	2	30511	1	100	0
	3	30520	1	100	0
}					
					
Group	어인척후병				
{					
	type 	kill			
	mob	3402			
	kill_drop	300			
	1	30501	1	100	0
	2	30511	1	100	0
	3	30520	1	100	0
}					
					
Group	어인법사				
{					
	type 	kill			
	mob	3403			
	kill_drop	250			
	1	30501	1	100	0
	2	30511	1	100	0
	3	30520	1	100	0
}					
					
Group	어인장군				
{					
	type 	kill			
	mob	3404			
	kill_drop	200			
	1	30501	1	100	0
	2	30511	1	100	0
	3	30520	1	100	0
}					
					
Group	어인상급장군				
{					
	type 	kill			
	mob	3405			
	kill_drop	150			
	1	30501	1	100	0
	2	30511	1	100	0
	3	30520	1	100	0
}					
					
Group	어인족부족장				
{					
	type 	kill			
	mob	3490			
	kill_drop	1			
	1	30501	1	100	0
	2	30511	1	100	0
	3	30520	1	100	0
}					
					
Group	어인족장				
{					
	type 	kill			
	mob	3491			
	kill_drop	1			
	1	30501	1	100	0
	2	30511	1	100	0
	3	30520	1	100	0
}					
					
Group	붉은도적단원				
{					
	type 	kill			
	mob	3501			
	kill_drop	400			
	1	30508	1	100	0
}					
					
Group	붉은도적단상급단원				
{					
	type 	kill			
	mob	3502			
	kill_drop	300			
	1	30508	1	100	0
}					
					
Group	붉은도적단법사				
{					
	type 	kill			
	mob	3503			
	kill_drop	250			
	1	30508	1	100	0
}					
					
Group	붉은도적단장수				
{					
	type 	kill			
	mob	3504			
	kill_drop	200			
	1	30508	1	100	0
}					
					
Group	붉은도적단상급장군				
{					
	type 	kill			
	mob	3505			
	kill_drop	150			
	1	30508	1	100	0
}					
					
Group	붉은도적단부단장				
{					
	type 	kill			
	mob	3590			
	kill_drop	1			
	1	30508	1	100	0
}					
					
Group	붉은도적단단장				
{					
	type 	kill			
	mob	3591			
	kill_drop	1			
	1	30508	1	100	0
}					
					
Group	진붉은도적단원				
{					
	type 	kill			
	mob	3551			
	kill_drop	400			
	1	30508	1	100	0
	2	30513	1	100	0
	3	30519	1	100	0
}					
					
Group	진붉은도적단상급단원				
{					
	type 	kill			
	mob	3552			
	kill_drop	300			
	1	30508	1	100	0
	2	30513	1	100	0
	3	30519	1	100	0
}					
					
Group	진붉은도적단법사				
{					
	type 	kill			
	mob	3553			
	kill_drop	250			
	1	30508	1	100	0
	2	30513	1	100	0
	3	30519	1	100	0
}					
					
Group	진붉은도적단장수				
{					
	type 	kill			
	mob	3554			
	kill_drop	200			
	1	30508	1	100	0
	2	30513	1	100	0
	3	30519	1	100	0
}					
					
Group	진붉은도적단상급장군				
{					
	type 	kill			
	mob	3555			
	kill_drop	150			
	1	30508	1	100	0
	2	30513	1	100	0
	3	30519	1	100	0
}					
					
Group	진붉은도적단부단장				
{					
	type 	kill			
	mob	3595			
	kill_drop	1			
	1	30508	1	100	0
	2	30513	1	100	0
	3	30519	1	100	0
}					
					
Group	진붉은도적단단장				
{					
	type 	kill			
	mob	3596			
	kill_drop	1			
	1	30508	1	100	0
	2	30513	1	100	0
	3	30519	1	100	0
}					
					
Group	갑각충				
{					
	type 	kill			
	mob	3601			
	kill_drop	400			
	1	30505	1	100	0
	2	30515	1	100	0
}					
					
Group	갑각투충				
{					
	type 	kill			
	mob	3602			
	kill_drop	300			
	1	30505	1	100	0
	2	30515	1	100	0
}					
					
Group	갑각구충				
{					
	type 	kill			
	mob	3603			
	kill_drop	250			
	1	30505	1	100	0
	2	30515	1	100	0
}					
					
Group	갑각방충				
{					
	type 	kill			
	mob	3604			
	kill_drop	200			
	1	30505	1	100	0
	2	30515	1	100	0
}					
					
Group	갑각신충				
{					
	type 	kill			
	mob	3605			
	kill_drop	150			
	1	30505	1	100	0
	2	30515	1	100	0
}					
					
Group	거대갑각투신충				
{					
	type 	kill			
	mob	3690			
	kill_drop	1			
	1	30505	1	100	0
	2	30515	1	100	0
}					
					
Group	대왕투귀충				
{					
	type 	kill			
	mob	3691			
	kill_drop	1			
	1	30505	1	100	0
	2	30515	1	100	0
}					
					
Group	거인병				
{					
	type 	kill			
	mob	3701			
	kill_drop	400			
	1	30502	1	100	0
	2	30514	1	100	0
	3	30518	1	100	0
}					
					
Group	거인척후병				
{					
	type 	kill			
	mob	3702			
	kill_drop	300			
	1	30502	1	100	0
	2	30514	1	100	0
	3	30518	1	100	0
}					
					
Group	거인법사				
{					
	type 	kill			
	mob	3703			
	kill_drop	250			
	1	30502	1	100	0
	2	30514	1	100	0
	3	30518	1	100	0
}					
					
Group	거인장군				
{					
	type 	kill			
	mob	3704			
	kill_drop	200			
	1	30502	1	100	0
	2	30514	1	100	0
	3	30518	1	100	0
}					
					
Group	거인상급장군				
{					
	type 	kill			
	mob	3705			
	kill_drop	150			
	1	30502	1	100	0
	2	30514	1	100	0
	3	30518	1	100	0
}					
					
Group	거인족부족장				
{					
	type 	kill			
	mob	3790			
	kill_drop	1			
	1	30502	1	100	0
	2	30514	1	100	0
	3	30518	1	100	0
}					
					
Group	거인족장				
{					
	type 	kill			
	mob	3791			
	kill_drop	1			
	1	30502	1	100	0
	2	30514	1	100	0
	3	30518	1	100	0
}					
					
Group	저인병				
{					
	type 	kill			
	mob	3801			
	kill_drop	400			
	1	30507	1	100	0
	2	30517	1	100	0
	3	30519	1	100	0
}					
					
Group	저인궁사				
{					
	type 	kill			
	mob	3802			
	kill_drop	300			
	1	30507	1	100	0
	2	30517	1	100	0
	3	30519	1	100	0
}					
					
Group	저인척후병				
{					
	type 	kill			
	mob	3803			
	kill_drop	250			
	1	30507	1	100	0
	2	30517	1	100	0
	3	30519	1	100	0
}					
					
Group	저인법사				
{					
	type 	kill			
	mob	3804			
	kill_drop	200			
	1	30507	1	100	0
	2	30517	1	100	0
	3	30519	1	100	0
}					
					
Group	저인상급장군				
{					
	type 	kill			
	mob	3805			
	kill_drop	150			
	1	30507	1	100	0
	2	30517	1	100	0
	3	30519	1	100	0
}					
					
Group	저인족부족장				
{					
	type 	kill			
	mob	3890			
	kill_drop	1			
	1	30507	1	100	0
	2	30517	1	100	0
	3	30519	1	100	0
}					
					
Group	저인족장				
{					
	type 	kill			
	mob	3891			
	kill_drop	1			
	1	30507	1	100	0
	2	30517	1	100	0
	3	30519	1	100	0
}					
					

						
Group	낭인병_약초					
{						
	type	drop				
	Mob	3001				
	1	50721	1	1		
}						
						
Group	낭인궁사_약초					
{						
	type	drop				
	Mob	3002				
	1	50722	1	1		
}						
						
Group	낭인척후병_약초					
{						
	type	drop				
	Mob	3003				
	1	50723	1	1		
}						
						
Group	낭인대법사_약초					
{						
	type	drop				
	Mob	3004				
	1	50724	1	1		
}						
						
Group	낭인상급장군_약초					
{						
	type	drop				
	Mob	3005				
	1	50725	1	1		
}						
						
Group	낭인족부족장_약초_보상					
{						
	type	drop				
	Mob	3090				
	1	50726	1	1		
	2	70012	1	15		
	3	39006	1	15		
	4	25040	1	10		
	5	70048	1	20		
	6	70037	1	25		
	7	70014	1	25		
	8	70043	1	20		
	9	39002	1	20		
	10	27002	50	100		
	11	27003	30	200		
	12	27005	30	100		
	13	27006	20	150		
	14	70014	1	1
	15	70037	1	1
	16	50254	1	100
	17	145	1	5
	18	146	1	5
	19	155	1	5
	20	156	1	5
	21	1105	1	5
	22	1106	1	5
	23	2145	1	5
	24	2146	1	5
	25	3145	1	5
	26	3146	1	5
	27	5105	1	5
	28	5106	1	5
	29	7145	1	5
	30	7146	1	5
	31	11295	1	5
	32	11296	1	5
	33	11495	1	5
	34	11496	1	5
	35	11695	1	5
	36	11696	1	5
	37	11895	1	5
	38	11896	1	5
	48	30500	1	40
	40	30501	1	40
	41	30502	1	40
	42	30503	1	40
	43	30504	1	40
	44	30505	1	40
	45	30506	1	40
	46	30507	1	40
	47	30508	1	40
	48	30509	1	40
	49	30510	1	40
	50	30511	1	40
	51	30512	1	40
	52	30513	1	40
	53	30514	1	40
	54	30515	1	40
	55	30516	1	40
	56	30517	1	40
	57	30518	1	40
	58	30519	1	40
	59	30520	1	40
	60	30521	1	40
	61	30522	1	40
	62	30523	1	40
}						
						
Group	낭인족장_약초_보상					
{						
	type	drop				
	Mob	3091				
	1	50727	1	1		
	2	70012	1	15		
	3	39006	1	15		
	4	25040	1	10
	5	70048	1	20
	6	70037	1	25
	7	70014	1	25
	8	70043	1	20
	9	39002	1	20
	10	27002	50	100
	11	27003	30	200
	12	27005	30	100
	13	27006	20	150
	14	70014	1	1
	15	70037	1	1
	16	50254	1	400
	17	145	1	5
	18	146	1	5
	19	155	1	5
	20	156	1	5
	21	1105	1	5
	22	1106	1	5
	23	2145	1	5
	24	2146	1	5
	25	3145	1	5
	26	3146	1	5
	27	5105	1	5
	28	5106	1	5
	29	7145	1	5
	30	7146	1	5
	31	11295	1	5
	32	11296	1	5
	33	11495	1	5
	34	11496	1	5
	35	11695	1	5
	36	11696	1	5
	37	11895	1	5
	38	11896	1	5
	39	30500	1	40
	40	30501	1	40
	41	30502	1	40
	42	30503	1	40
	43	30504	1	40
	44	30505	1	40
	45	30506	1	40
	46	30507	1	40
	47	30508	1	40
	48	30509	1	40
	49	30510	1	40
	50	30511	1	40
	51	30512	1	40
	52	30513	1	40
	53	30514	1	40
	54	30515	1	40
	55	30516	1	40
	56	30517	1	40
	57	30518	1	40
	58	30519	1	40
	59	30520	1	40
	60	30521	1	40
	61	30522	1	40
	62	30523	1	40
}						
						
Group	외안투귀병_약초					
{						
	type	drop				
	Mob	3101				
	1	50728	1	1		
}						
						
Group	외안투귀척후병_약초					
{						
	type	drop				
	Mob	3102				
	1	50721	1	1		
}						
						
Group	외안투귀법사_약초					
{						
	type	drop				
	Mob	3103				
	1	50722	1	1		
}						
						
Group	외안투귀장군_약초					
{						
	type	drop				
	Mob	3104				
	1	50723	1	1		
}						
						
Group	외안투귀상급장군_약초					
{						
	type	drop				
	Mob	3105				
	1	50724	1	1		
}						
						
Group	외안투귀족부족장_약초					
{						
	type	drop				
	Mob	3190				
	1	50725	1	1		
	2	70012	1	15		
	3	39006	1	15		
	4	25040	1	10
	5	70048	1	20
	6	70037	1	25
	7	70014	1	25
	8	70043	1	20
	9	39002	1	20
	10	27002	50	100
	11	27003	30	200
	12	27005	30	100
	13	27006	20	150
	14	70014	1	1
	15	70037	1	1
	16	50254	1	100
	17	145	1	5
	18	146	1	5
	19	155	1	5
	20	156	1	5
	21	1105	1	5
	22	1106	1	5
	23	2145	1	5
	24	2146	1	5
	25	3145	1	5
	26	3146	1	5
	27	5105	1	5
	28	5106	1	5
	29	7145	1	5
	30	7146	1	5
	31	11295	1	5
	32	11296	1	5
	33	11495	1	5
	34	11496	1	5
	35	11695	1	5
	36	11696	1	5
	37	11895	1	5
	38	11896	1	5
	39	30500	1	40
	40	30501	1	40
	41	30502	1	40
	42	30503	1	40
	43	30504	1	40
	44	30505	1	40
	45	30506	1	40
	46	30507	1	40
	47	30508	1	40
	48	30509	1	40
	49	30510	1	40
	50	30511	1	40
	51	30512	1	40
	52	30513	1	40
	53	30514	1	40
	54	30515	1	40
	55	30516	1	40
	56	30517	1	40
	57	30518	1	40
	58	30519	1	40
	59	30520	1	40
	60	30521	1	40
	61	30522	1	40
	62	30523	1	40
}						
						
Group	외안투귀족장_약초					
{						
	type	drop				
	Mob	3191				
	1	50726	1	1		
	2	70012	1	15		
	3	39006	1	15		
	4	25040	1	10
	5	70048	1	20
	6	70037	1	25
	7	70014	1	25
	8	70043	1	20
	9	39002	1	20
	10	27002	50	100
	11	27003	30	200
	12	27005	30	100
	13	27006	20	150
	14	70014	1	1
	15	70037	1	1
	16	50254	1	400
	17	145	1	5
	18	146	1	5
	19	155	1	5
	20	156	1	5
	21	1105	1	5
	22	1106	1	5
	23	2145	1	5
	24	2146	1	5
	25	3145	1	5
	26	3146	1	5
	27	5105	1	5
	28	5106	1	5
	29	7145	1	5
	30	7146	1	5
	31	11295	1	5
	32	11296	1	5
	33	11495	1	5
	34	11496	1	5
	35	11695	1	5
	36	11696	1	5
	37	11895	1	5
	38	11896	1	5
	39	30500	1	60
	40	30501	1	60
	41	30502	1	60
	42	30503	1	60
	43	30504	1	60
	44	30505	1	60
	45	30506	1	60
	46	30507	1	60
	47	30508	1	60
	48	30509	1	60
	49	30510	1	60
	50	30511	1	60
	51	30512	1	60
	52	30513	1	60
	53	30514	1	60
	54	30515	1	60
	55	30516	1	60
	56	30517	1	60
	57	30518	1	60
	58	30519	1	60
	59	30520	1	60
	60	30521	1	60
	61	30522	1	60
	62	30523	1	60
}						
						
Group	범익병_약초					
{						
	type	drop				
	Mob	3201				
	1	50727	1	1		
}						
						
Group	범익척후병_약초					
{						
	type	drop				
	Mob	3202				
	1	50728	1	1		
}						
						
Group	범익법사_약초					
{						
	type	drop				
	Mob	3203				
	1	50721	1	1		
}						
						
Group	범익장군_약초					
{						
	type	drop				
	Mob	3204				
	1	50722	1	1		
}						
						
Group	범익상급장군_약초					
{						
	type	drop				
	Mob	3205				
	1	50723	1	1		
}						
						
Group	범익족부족장_약초					
{						
	type	drop				
	Mob	3290				
	1	50724	1	1		
	2	70012	1	15		
	3	39006	1	15		
	4	25040	1	10
	5	70048	1	20
	6	70037	1	25
	7	70014	1	25
	8	70043	1	20
	9	39002	1	20
	10	27002	50	100
	11	27003	30	200
	12	27005	30	100
	13	27006	20	150
	14	70014	1	1
	15	70037	1	1
	16	50254	1	100
	17	145	1	5
	18	146	1	5
	19	155	1	5
	20	156	1	5
	21	1105	1	5
	22	1106	1	5
	23	2145	1	5
	24	2146	1	5
	25	3145	1	5
	26	3146	1	5
	27	5105	1	5
	28	5106	1	5
	29	7145	1	5
	30	7146	1	5
	31	11295	1	5
	32	11296	1	5
	33	11495	1	5
	34	11496	1	5
	35	11695	1	5
	36	11696	1	5
	37	11895	1	5
	38	11896	1	5
	39	30500	1	40
	40	30501	1	40
	41	30502	1	40
	42	30503	1	40
	43	30504	1	40
	44	30505	1	40
	45	30506	1	40
	46	30507	1	40
	47	30508	1	40
	48	30509	1	40
	49	30510	1	40
	50	30511	1	40
	51	30512	1	40
	52	30513	1	40
	53	30514	1	40
	54	30515	1	40
	55	30516	1	40
	56	30517	1	40
	57	30518	1	40
	58	30519	1	40
	59	30520	1	40
	60	30521	1	40
	61	30522	1	40
	62	30523	1	40
}				
				
Group	범익족장_약초			
{				
	type	drop		
	Mob	3291		
	1	50725	1	1
	2	70012	1	15
	3	39006	1	15
	4	25040	1	10
	5	70048	1	20
	6	70037	1	25
	7	70014	1	25
	8	70043	1	20
	9	39002	1	20
	10	27002	50	100
	11	27003	30	200
	12	27005	30	100
	13	27006	20	150
	14	70014	1	1
	15	70037	1	1
	16	50254	1	400
	17	145	1	5
	18	146	1	5
	19	155	1	5
	20	156	1	5
	21	1105	1	5
	22	1106	1	5
	23	2145	1	5
	24	2146	1	5
	25	3145	1	5
	26	3146	1	5
	27	5105	1	5
	28	5106	1	5
	29	7145	1	5
	30	7146	1	5
	31	11295	1	5
	32	11296	1	5
	33	11495	1	5
	34	11496	1	5
	35	11695	1	5
	36	11696	1	5
	37	11895	1	5
	38	11896	1	5
	39	30500	1	60
	40	30501	1	60
	41	30502	1	60
	42	30503	1	60
	43	30504	1	60
	44	30505	1	60
	45	30506	1	60
	46	30507	1	60
	47	30508	1	60
	48	30509	1	60
	49	30510	1	60
	50	30511	1	60
	51	30512	1	60
	52	30513	1	60
	53	30514	1	60
	54	30515	1	60
	55	30516	1	60
	56	30517	1	60
	57	30518	1	60
	58	30519	1	60
	59	30520	1	60
	60	30521	1	60
	61	30522	1	60
	62	30523	1	60
}				
				
Group	망량병_약초			
{				
	type	drop		
	Mob	3301		
	1	50726	1	1
}				
				
Group	망량척후병_약초			
{				
	type	drop		
	Mob	3302		
	1	50727	1	1
}				
				
Group	망량법사_약초			
{				
	type	drop		
	Mob	3303		
	1	50728	1	1
}				
				
Group	망량장군_약초			
{				
	type	drop		
	Mob	3304		
	1	50721	1	1
}				
				
Group	망량상급장군_약초			
{				
	type	drop		
	Mob	3305		
	1	50722	1	1
}				
				
Group	망량족부족장_약초			
{				
	type	drop		
	Mob	3390		
	1	50723	1	1
	2	70012	1	15
	3	39006	1	15
	4	25040	1	10
	5	70048	1	20
	6	70037	1	25
	7	70014	1	25
	8	70043	1	20
	9	39002	1	20
	10	27002	50	100
	11	27003	30	200
	12	27005	30	100
	13	27006	20	150
	14	70014	1	1
	15	70037	1	1
	16	50254	1	100
	17	145	1	5
	18	146	1	5
	19	155	1	5
	20	156	1	5
	21	1105	1	5
	22	1106	1	5
	23	2145	1	5
	24	2146	1	5
	25	3145	1	5
	26	3146	1	5
	27	5105	1	5
	28	5106	1	5
	29	7145	1	5
	30	7146	1	5
	31	11295	1	5
	32	11296	1	5
	33	11495	1	5
	34	11496	1	5
	35	11695	1	5
	36	11696	1	5
	37	11895	1	5
	38	11896	1	5
	39	30500	1	40
	40	30501	1	40
	41	30502	1	40
	42	30503	1	40
	43	30504	1	40
	44	30505	1	40
	45	30506	1	40
	46	30507	1	40
	47	30508	1	40
	48	30509	1	40
	49	30510	1	40
	50	30511	1	40
	51	30512	1	40
	52	30513	1	40
	53	30514	1	40
	54	30515	1	40
	55	30516	1	40
	56	30517	1	40
	57	30518	1	40
	58	30519	1	40
	59	30520	1	40
	60	30521	1	40
	61	30522	1	40
	62	30523	1	40
}				
				
Group	망량족장_약초			
{				
	type	drop		
	Mob	3391		
	1	50724	1	1
	2	70012	1	15
	3	39006	1	15
	4	25040	1	10
	5	70048	1	20
	6	70037	1	25
	7	70014	1	25
	8	70043	1	20
	9	39002	1	20
	10	27002	50	100
	11	27003	30	200
	12	27005	30	100
	13	27006	20	150
	14	70014	1	1
	15	70037	1	1
	16	50254	1	400
	17	145	1	5
	18	146	1	5
	19	155	1	5
	20	156	1	5
	21	1105	1	5
	22	1106	1	5
	23	2145	1	5
	24	2146	1	5
	25	3145	1	5
	26	3146	1	5
	27	5105	1	5
	28	5106	1	5
	29	7145	1	5
	30	7146	1	5
	31	11295	1	5
	32	11296	1	5
	33	11495	1	5
	34	11496	1	5
	35	11695	1	5
	36	11696	1	5
	37	11895	1	5
	38	11896	1	5
	39	30500	1	60
	40	30501	1	60
	41	30502	1	60
	42	30503	1	60
	43	30504	1	60
	44	30505	1	60
	45	30506	1	60
	46	30507	1	60
	47	30508	1	60
	48	30509	1	60
	49	30510	1	60
	50	30511	1	60
	51	30512	1	60
	52	30513	1	60
	53	30514	1	60
	54	30515	1	60
	55	30516	1	60
	56	30517	1	60
	57	30518	1	60
	58	30519	1	60
	59	30520	1	60
	60	30521	1	60
	61	30522	1	60
	62	30523	1	60
}				
				
Group	어인병_약초			
{				
	type	drop		
	Mob	3401		
	1	50725	1	1
}				
				
Group	어인척후병_약초			
{				
	type	drop		
	Mob	3402		
	1	50726	1	1
}				
				
Group	어인법사_약초			
{				
	type	drop		
	Mob	3403		
	1	50727	1	1
}				
				
Group	어인장군_약초			
{				
	type	drop		
	Mob	3404		
	1	50728	1	1
}				
				
Group	어인상급장군_약초			
{				
	type	drop		
	Mob	3405		
	1	50721	1	1
}				
				
Group	어인족부족장_약초			
{				
	type	drop		
	Mob	3490		
	1	50722	1	1
	2	70012	1	15
	3	39006	1	15
	4	25040	1	10
	5	70048	1	20
	6	70037	1	25
	7	70014	1	25
	8	70043	1	20
	9	39002	1	20
	10	27002	50	100
	11	27003	30	200
	12	27005	30	100
	13	27006	20	150
	14	70014	1	1
	15	70037	1	1
	16	50254	1	100
	17	145	1	5
	18	146	1	5
	19	155	1	5
	20	156	1	5
	21	1105	1	5
	22	1106	1	5
	23	2145	1	5
	24	2146	1	5
	25	3145	1	5
	26	3146	1	5
	27	5105	1	5
	28	5106	1	5
	29	7145	1	5
	30	7146	1	5
	31	11295	1	5
	32	11296	1	5
	33	11495	1	5
	34	11496	1	5
	35	11695	1	5
	36	11696	1	5
	37	11895	1	5
	38	11896	1	5
	39	30500	1	40
	40	30501	1	40
	41	30502	1	40
	42	30503	1	40
	43	30504	1	40
	44	30505	1	40
	45	30506	1	40
	46	30507	1	40
	47	30508	1	40
	48	30509	1	40
	49	30510	1	40
	50	30511	1	40
	51	30512	1	40
	52	30513	1	40
	53	30514	1	40
	54	30515	1	40
	55	30516	1	40
	56	30517	1	40
	57	30518	1	40
	58	30519	1	40
	59	30520	1	40
	60	30521	1	40
	61	30522	1	40
	62	30523	1	40
}				
				
Group	어인족장_약초			
{				
	type	drop		
	Mob	3491		
	1	50723	1	1
	2	70012	1	15
	3	39006	1	15
	4	25040	1	10
	5	70048	1	20
	6	70037	1	25
	7	70014	1	25
	8	70043	1	20
	9	39002	1	20
	10	27002	50	100
	11	27003	30	200
	12	27005	30	100
	13	27006	20	150
	14	70014	1	1
	15	70037	1	1
	16	50254	1	400
	17	145	1	5
	18	146	1	5
	19	155	1	5
	20	156	1	5
	21	1105	1	5
	22	1106	1	5
	23	2145	1	5
	24	2146	1	5
	25	3145	1	5
	26	3146	1	5
	27	5105	1	5
	28	5106	1	5
	29	7145	1	5
	30	7146	1	5
	31	11295	1	5
	32	11296	1	5
	33	11495	1	5
	34	11496	1	5
	35	11695	1	5
	36	11696	1	5
	37	11895	1	5
	38	11896	1	5
	39	30500	1	60
	40	30501	1	60
	41	30502	1	60
	42	30503	1	60
	43	30504	1	60
	44	30505	1	60
	45	30506	1	60
	46	30507	1	60
	47	30508	1	60
	48	30509	1	60
	49	30510	1	60
	50	30511	1	60
	51	30512	1	60
	52	30513	1	60
	53	30514	1	60
	54	30515	1	60
	55	30516	1	60
	56	30517	1	60
	57	30518	1	60
	58	30519	1	60
	59	30520	1	60
	60	30521	1	60
	61	30522	1	60
	62	30523	1	60
}				
				
Group	붉은도적단원_약초			
{				
	type	drop		
	Mob	3501		
	1	50724	1	1
}				
				
Group	붉은도적단상급단원_약초			
{				
	type	drop		
	Mob	3502		
	1	50725	1	1
}				
				
Group	붉은도적단법사_약초			
{				
	type	drop		
	Mob	3503		
	1	50726	1	1
}				
				
Group	붉은도적단장수_약초			
{				
	type	drop		
	Mob	3504		
	1	50727	1	1
}				
				
Group	붉은도적단상급장군_약초			
{				
	type	drop		
	Mob	3505		
	1	50728	1	1
}				
				
Group	붉은도적단부단장_약초			
{				
	type	drop		
	Mob	3590		
	1	50726	1	1
	2	70012	1	15
	3	39006	1	15
	4	25040	1	10
	5	70048	1	20
	6	70037	1	25
	7	70014	1	25
	8	70043	1	20
	9	39002	1	20
	10	27002	50	100
	11	27003	30	200
	12	27005	30	100
	13	27006	20	150
	14	70014	1	1
	15	70037	1	1
	16	50254	1	100
	17	145	1	5
	18	146	1	5
	19	155	1	5
	20	156	1	5
	21	1105	1	5
	22	1106	1	5
	23	2145	1	5
	24	2146	1	5
	25	3145	1	5
	26	3146	1	5
	27	5105	1	5
	28	5106	1	5
	29	7145	1	5
	30	7146	1	5
	31	11295	1	5
	32	11296	1	5
	33	11495	1	5
	34	11496	1	5
	35	11695	1	5
	36	11696	1	5
	37	11895	1	5
	38	11896	1	5
	39	30500	1	60
	40	30501	1	60
	41	30502	1	60
	42	30503	1	60
	43	30504	1	60
	44	30505	1	60
	45	30506	1	60
	46	30507	1	60
	47	30508	1	60
	48	30509	1	60
	49	30510	1	60
	50	30511	1	60
	51	30512	1	60
	52	30513	1	60
	53	30514	1	60
	54	30515	1	60
	55	30516	1	60
	56	30517	1	60
	57	30518	1	60
	58	30519	1	60
	59	30520	1	60
	60	30521	1	60
	61	30522	1	60
	62	30523	1	60
}				
				
Group	붉은도적단단장_약초			
{				
	type	drop		
	Mob	3591		
	1	50727	1	1
	2	70012	1	15
	3	39006	1	15
	4	25040	1	10
	5	70048	1	20
	6	70037	1	25
	7	70014	1	25
	8	70043	1	20
	9	39002	1	20
	10	27002	50	100
	11	27003	30	200
	12	27005	30	100
	13	27006	20	150
	14	70014	1	1
	15	70037	1	1
	16	50254	1	400
	17	145	1	5
	18	146	1	5
	19	155	1	5
	20	156	1	5
	21	1105	1	5
	22	1106	1	5
	23	2145	1	5
	24	2146	1	5
	25	3145	1	5
	26	3146	1	5
	27	5105	1	5
	28	5106	1	5
	29	7145	1	5
	30	7146	1	5
	31	11295	1	5
	32	11296	1	5
	33	11495	1	5
	34	11496	1	5
	35	11695	1	5
	36	11696	1	5
	37	11895	1	5
	38	11896	1	5
	39	30500	1	60
	40	30501	1	60
	41	30502	1	60
	42	30503	1	60
	43	30504	1	60
	44	30505	1	60
	45	30506	1	60
	46	30507	1	60
	47	30508	1	60
	48	30509	1	60
	49	30510	1	60
	50	30511	1	60
	51	30512	1	60
	52	30513	1	60
	53	30514	1	60
	54	30515	1	60
	55	30516	1	60
	56	30517	1	60
	57	30518	1	60
	58	30519	1	60
	59	30520	1	60
	60	30521	1	60
	61	30522	1	60
	62	30523	1	60
}				
				
Group	진붉은도적단원_약초			
{				
	type	drop		
	Mob	3551		
	1	50721	1	1
}				
				
Group	진붉은도적단상급단원_약초			
{				
	type	drop		
	Mob	3552		
	1	50722	1	1
}				
				
Group	진붉은도적단법사_약초			
{				
	type	drop		
	Mob	3553		
	1	50723	1	1
}				
				
Group	진붉은도적단장수_약초			
{				
	type	drop		
	Mob	3554		
	1	50724	1	1
}				
				
Group	진붉은도적단상급장군_약초			
{				
	type	drop		
	Mob	3555		
	1	50725	1	1
}				
				
Group	진붉은도적단부단장_약초			
{				
	type	drop		
	Mob	3595		
	1	50728	1	1
	2	70012	1	15
	3	39006	1	15
	4	25040	1	10
	5	70048	1	20
	6	70037	1	25
	7	70014	1	25
	8	70043	1	20
	9	39002	1	20
	10	27002	50	100
	11	27003	30	200
	12	27005	30	100
	13	27006	20	150
	14	70014	1	1
	15	70037	1	1
	16	50254	1	100
	17	145	1	5
	18	146	1	5
	19	155	1	5
	20	156	1	5
	21	1105	1	5
	22	1106	1	5
	23	2145	1	5
	24	2146	1	5
	25	3145	1	5
	26	3146	1	5
	27	5105	1	5
	28	5106	1	5
	29	7145	1	5
	30	7146	1	5
	31	11295	1	5
	32	11296	1	5
	33	11495	1	5
	34	11496	1	5
	35	11695	1	5
	36	11696	1	5
	37	11895	1	5
	38	11896	1	5
	39	30500	1	40
	40	30501	1	40
	41	30502	1	40
	42	30503	1	40
	43	30504	1	40
	44	30505	1	40
	45	30506	1	40
	46	30507	1	40
	47	30508	1	40
	48	30509	1	40
	49	30510	1	40
	50	30511	1	40
	51	30512	1	40
	52	30513	1	40
	53	30514	1	40
	54	30515	1	40
	55	30516	1	40
	56	30517	1	40
	57	30518	1	40
	58	30519	1	40
	59	30520	1	40
	60	30521	1	40
	61	30522	1	40
	62	30523	1	40
}				
				
Group	진붉은도적단단장_약초			
{				
	type	drop		
	Mob	3596		
	1	50721	1	1
	2	70012	1	15
	3	39006	1	15
	4	25040	1	10
	5	70048	1	20
	6	70037	1	25
	7	70014	1	25
	8	70043	1	20
	9	39002	1	20
	10	27002	50	100
	11	27003	30	200
	12	27005	30	100
	13	27006	20	150
	14	70014	1	1
	15	70037	1	1
	16	50254	1	400
	17	145	1	5
	18	146	1	5
	19	155	1	5
	20	156	1	5
	21	1105	1	5
	22	1106	1	5
	23	2145	1	5
	24	2146	1	5
	25	3145	1	5
	26	3146	1	5
	27	5105	1	5
	28	5106	1	5
	29	7145	1	5
	30	7146	1	5
	31	11295	1	5
	32	11296	1	5
	33	11495	1	5
	34	11496	1	5
	35	11695	1	5
	36	11696	1	5
	37	11895	1	5
	38	11896	1	5
	39	30500	1	60
	40	30501	1	60
	41	30502	1	60
	42	30503	1	60
	43	30504	1	60
	44	30505	1	60
	45	30506	1	60
	46	30507	1	60
	47	30508	1	60
	48	30509	1	60
	49	30510	1	60
	50	30511	1	60
	51	30512	1	60
	52	30513	1	60
	53	30514	1	60
	54	30515	1	60
	55	30516	1	60
	56	30517	1	60
	57	30518	1	60
	58	30519	1	60
	59	30520	1	60
	60	30521	1	60
	61	30522	1	60
	62	30523	1	60
}				
				
Group	갑각충_약초			
{				
	type	drop		
	Mob	3601		
	1	50722	1	1
}				
				
Group	갑각투충_약초			
{				
	type	drop		
	Mob	3602		
	1	50723	1	1
}				
				
Group	갑각구충_약초			
{				
	type	drop		
	Mob	3603		
	1	50724	1	1
}				
				
Group	갑각방충_약초			
{				
	type	drop		
	Mob	3604		
	1	50725	1	1
}				
				
Group	갑각신충_약초			
{				
	type	drop		
	Mob	3605		
	1	50726	1	1
}				
				
Group	거대갑각투신충_약초			
{				
	type	drop		
	Mob	3690		
	1	50727	1	1
	2	70012	1	15
	3	39006	1	15
	4	25040	1	10
	5	70048	1	20
	6	70037	1	25
	7	70014	1	25
	8	70043	1	20
	9	39002	1	20
	10	27002	50	100
	11	27003	30	200
	12	27005	30	100
	13	27006	20	150
	14	70014	1	1
	15	70037	1	1
	16	50254	1	100
	17	145	1	5
	18	146	1	5
	19	155	1	5
	20	156	1	5
	21	1105	1	5
	22	1106	1	5
	23	2145	1	5
	24	2146	1	5
	25	3145	1	5
	26	3146	1	5
	27	5105	1	5
	28	5106	1	5
	29	7145	1	5
	30	7146	1	5
	31	11295	1	5
	32	11296	1	5
	33	11495	1	5
	34	11496	1	5
	35	11695	1	5
	36	11696	1	5
	37	11895	1	5
	38	11896	1	5
	39	30500	1	40
	40	30501	1	40
	41	30502	1	40
	42	30503	1	40
	43	30504	1	40
	44	30505	1	40
	45	30506	1	40
	46	30507	1	40
	47	30508	1	40
	48	30509	1	40
	49	30510	1	40
	50	30511	1	40
	51	30512	1	40
	52	30513	1	40
	53	30514	1	40
	54	30515	1	40
	55	30516	1	40
	56	30517	1	40
	57	30518	1	40
	58	30519	1	40
	59	30520	1	40
	60	30521	1	40
	61	30522	1	40
	62	30523	1	40
}				
				
Group	대왕투귀충_약초			
{				
	type	drop		
	Mob	3691		
	1	50728	1	1
	2	70012	1	15
	3	39006	1	15
	4	25040	1	10
	5	70048	1	20
	6	70037	1	25
	7	70014	1	25
	8	70043	1	20
	9	39002	1	20
	10	27002	50	100
	11	27003	30	200
	12	27005	30	100
	13	27006	20	150
	14	70014	1	1
	15	70037	1	1
	16	50254	1	400
	17	145	1	5
	18	146	1	5
	19	155	1	5
	20	156	1	5
	21	1105	1	5
	22	1106	1	5
	23	2145	1	5
	24	2146	1	5
	25	3145	1	5
	26	3146	1	5
	27	5105	1	5
	28	5106	1	5
	29	7145	1	5
	30	7146	1	5
	31	11295	1	5
	32	11296	1	5
	33	11495	1	5
	34	11496	1	5
	35	11695	1	5
	36	11696	1	5
	37	11895	1	5
	38	11896	1	5
	39	30500	1	60
	40	30501	1	60
	41	30502	1	60
	42	30503	1	60
	43	30504	1	60
	44	30505	1	60
	45	30506	1	60
	46	30507	1	60
	47	30508	1	60
	48	30509	1	60
	49	30510	1	60
	50	30511	1	60
	51	30512	1	60
	52	30513	1	60
	53	30514	1	60
	54	30515	1	60
	55	30516	1	60
	56	30517	1	60
	57	30518	1	60
	58	30519	1	60
	59	30520	1	60
	60	30521	1	60
	61	30522	1	60
	62	30523	1	60
}				
				
Group	거인병_약초			
{				
	type	drop		
	Mob	3701		
	1	50721	1	1
}				
				
Group	거인척후병_약초			
{				
	type	drop		
	Mob	3702		
	1	50722	1	1
}				
				
Group	거인법사_약초			
{				
	type	drop		
	Mob	3703		
	1	50723	1	1
}				
				
Group	거인장군_약초			
{				
	type	drop		
	Mob	3704		
	1	50724	1	1
}				
				
Group	거인상급장군_약초			
{				
	type	drop		
	Mob	3705		
	1	50725	1	1
}				
				
Group	거인족부족장_약초_보상			
{				
	type	drop		
	Mob	3790		
	1	50726	1	1
	2	70012	1	15
	3	39006	1	15
	4	25040	1	10
	5	70048	1	20
	6	70037	1	25
	7	70014	1	25
	8	70043	1	20
	9	39002	1	20
	10	27002	50	100
	11	27003	30	200
	12	27005	30	100
	13	27006	20	150
	14	70014	1	1
	15	70037	1	1
	16	50254	1	100
	17	145	1	5
	18	146	1	5
	19	155	1	5
	20	156	1	5
	21	1105	1	5
	22	1106	1	5
	23	2145	1	5
	24	2146	1	5
	25	3145	1	5
	26	3145	1	5
	27	5105	1	5
	28	5106	1	5
	29	7145	1	5
	30	7146	1	5
	31	11295	1	5
	32	11296	1	5
	33	11495	1	5
	34	11496	1	5
	35	11695	1	5
	36	11696	1	5
	37	11895	1	5
	38	11896	1	5
	39	30500	1	40
	40	30501	1	40
	41	30502	1	40
	42	30503	1	40
	43	30504	1	40
	44	30505	1	40
	45	30506	1	40
	46	30507	1	40
	47	30508	1	40
	48	30509	1	40
	49	30510	1	40
	50	30511	1	40
	51	30512	1	40
	52	30513	1	40
	53	30514	1	40
	54	30515	1	40
	55	30516	1	40
	56	30517	1	40
	57	30518	1	40
	58	30519	1	40
	59	30520	1	40
	60	30521	1	40
	61	30522	1	40
	62	30523	1	40
}				
				
Group	거인족장_약초_보상			
{				
	type	drop		
	Mob	3791		
	1	50727	1	1
	2	70012	1	15
	3	39006	1	15
	4	25040	1	10
	5	70048	1	20
	6	70037	1	25
	7	70014	1	25
	8	70043	1	20
	9	39002	1	20
	10	27002	50	100
	11	27003	30	200
	12	27005	30	100
	13	27006	20	150
	14	70014	1	1
	15	70037	1	1
	16	50254	1	400
	17	145	1	5
	18	146	1	5
	19	155	1	5
	20	156	1	5
	21	1105	1	5
	22	1106	1	5
	23	2145	1	5
	24	2146	1	5
	25	3145	1	5
	26	3146	1	5
	27	5105	1	5
	28	5106	1	5
	29	7145	1	5
	30	7146	1	5
	31	11295	1	5
	32	11296	1	5
	33	11495	1	5
	34	11496	1	5
	35	11695	1	5
	36	11696	1	5
	37	11895	1	5
	38	11896	1	5
	39	30500	1	60
	40	30501	1	60
	41	30502	1	60
	42	30503	1	60
	43	30504	1	60
	44	30505	1	60
	45	30506	1	60
	46	30507	1	60
	47	30508	1	60
	48	30509	1	60
	49	30510	1	60
	50	30511	1	60
	51	30512	1	60
	52	30513	1	60
	53	30514	1	60
	54	30515	1	60
	55	30516	1	60
	56	30517	1	60
	57	30518	1	60
	58	30519	1	60
	59	30520	1	60
	60	30521	1	60
	61	30522	1	60
	62	30523	1	60
}				
				
Group	저인병_약초			
{				
	type	drop		
	Mob	3801		
	1	50728	1	1
}				
				
Group	저인궁사_약초			
{				
	type	drop		
	Mob	3802		
	1	50721	1	1
}				
				
Group	저인척후병_약초			
{				
	type	drop		
	Mob	3803		
	1	50722	1	1
}				
				
Group	저인법사_약초			
{				
	type	drop		
	Mob	3804		
	1	50723	1	1
}				
				
Group	저인상급장군_약초			
{				
	type	drop		
	Mob	3805		
	1	50724	1	1
}				
				
Group	저인족부족장_약초_보상			
{				
	type	drop		
	Mob	3890		
	1	50725	1	1
	2	70012	1	15
	3	39006	1	15
	4	25040	1	10
	5	70048	1	20
	6	70037	1	25
	7	70014	1	25
	8	70043	1	20
	9	39002	1	20
	10	27002	50	100
	11	27003	30	200
	12	27005	30	100
	13	27006	20	150
	14	70014	1	1
	15	70037	1	1
	16	50254	1	100
	17	145	1	5
	18	146	1	5
	19	155	1	5
	20	156	1	5
	21	1105	1	5
	22	1106	1	5
	23	2145	1	5
	24	2146	1	5
	25	3145	1	5
	26	3146	1	5
	27	5105	1	5
	28	5106	1	5
	29	7145	1	5
	30	7146	1	5
	31	11295	1	5
	32	11296	1	5
	33	11495	1	5
	34	11496	1	5
	35	11695	1	5
	36	11696	1	5
	37	11895	1	5
	38	11896	1	5
	39	30500	1	40
	40	30501	1	40
	41	30502	1	40
	42	30503	1	40
	43	30504	1	40
	44	30505	1	40
	45	30506	1	40
	46	30507	1	40
	47	30508	1	40
	48	30509	1	40
	49	30510	1	40
	50	30511	1	40
	51	30512	1	40
	52	30513	1	40
	53	30514	1	40
	54	30515	1	40
	55	30516	1	40
	56	30517	1	40
	57	30518	1	40
	58	30519	1	40
	59	30520	1	40
	60	30521	1	40
	61	30522	1	40
	62	30523	1	40
}				
				
Group	저인족장_약초_보상			
{				
	type	drop		
	Mob	3891		
	1	50726	1	1
	2	70012	1	15
	3	39006	1	15
	4	25040	1	10
	5	70048	1	20
	6	70037	1	25
	7	70014	1	25
	8	70043	1	20
	9	39002	1	20
	10	27002	50	100
	11	27003	30	200
	12	27005	30	100
	13	50300	1	10000
	14	70014	1	1
	15	70037	1	1
	16	50254	1	400
	17	145	1	5
	18	146	1	5
	19	155	1	5
	20	156	1	5
	21	1105	1	5
	22	1106	1	5
	23	2145	1	5
	24	2146	1	5
	25	3145	1	5
	26	3146	1	5
	27	5105	1	5
	28	5106	1	5
	29	7145	1	5
	30	7146	1	5
	31	11295	1	5
	32	11296	1	5
	33	11495	1	5
	34	11496	1	5
	35	11695	1	5
	36	11696	1	5
	37	11895	1	5
	38	11896	1	5
	39	30500	1	60
	40	30501	1	60
	41	30502	1	60
	42	30503	1	60
	43	30504	1	60
	44	30505	1	60
	45	30506	1	60
	46	30507	1	60
	47	30508	1	60
	48	30509	1	60
	49	30510	1	60
	50	30511	1	60
	51	30512	1	60
	52	30513	1	60
	53	30514	1	60
	54	30515	1	60
	55	30516	1	60
	56	30517	1	60
	57	30518	1	60
	58	30519	1	60
	59	30520	1	60
	60	30521	1	60
	61	30522	1	60
	62	30523	1	60
}

Group	화정				
{					
	type 	kill			
	mob	6001			
	kill_drop	1000			
	1	30506	1	100	0
	2	30510	1	100	0
	3	30522	1	100	0
}					
					
Group	염정				
{					
	type 	kill			
	mob	6002			
	kill_drop	1000			
	1	30504	1	100	0
	2	30516	1	100	0
	3	30521	1	100	0
}					
					
Group	극열정				
{					
	type 	kill			
	mob	6003			
	kill_drop	500			
	1	30503	1	100	0
	2	30509	1	100	0
	3	30513	1	100	0
}					
					
Group	혈화정				
{					
	type 	kill			
	mob	6004			
	kill_drop	500			
	1	30506	1	100	0
	2	30510	1	100	0
	3	30522	1	100	0
}					
					
Group	화마				
{					
	type 	kill			
	mob	6005			
	kill_drop	100			
	1	30504	1	100	0
	2	30516	1	100	0
	3	30521	1	100	0
	4	30550	1	10	0
}					
					
Group	염마				
{					
	type 	kill			
	mob	6006			
	kill_drop	100			
	1	30503	1	100	0
	2	30509	1	100	0
	3	30513	1	100	0
	4	30550	1	50	0
}					
					
Group	화괴				
{					
	type 	kill			
	mob	6007			
	kill_drop	100			
	1	30506	1	100	0
	2	30510	1	100	0
	3	30522	1	100	0
	4	30550	1	60	0
}					
					
Group	염괴				
{					
	type 	kill			
	mob	6008			
	kill_drop	50			
	1	30504	1	100	0
	2	30516	1	100	0
	3	30521	1	100	0
	4	30550	1	80	0
}					
					
Group	초열괴				
{					
	type 	kill			
	mob	6009			
	kill_drop	50			
	1	30503	1	100	0
	2	30509	1	100	0
	3	30513	1	100	0
	4	30550	1	100	0
}					
					
Group	적룡성_야마천_보상				
{					
	type	drop			
	Mob	6091			
	1	50726	1	1	
	2	70012	1	15	
	3	39006	1	15	
	4	25040	1	10	
	5	70048	1	20	
	6	70037	1	25	
	7	70014	1	25	
	8	70043	1	20	
	9	39002	1	20	
	10	27002	50	100	
	11	27003	30	200	
	12	27005	30	100	
	13	50300	1	10000	
	14	70014	1	1	
	15	70037	1	1	
	16	50254	1	400	
	17	145	1	30	
	18	146	1	20	
	19	155	1	30	
	20	156	1	20	
	21	1105	1	30	
	22	1106	1	20	
	23	2145	1	30	
	24	2146	1	20	
	25	3145	1	30	
	26	3146	1	20	
	27	5105	1	30	
	28	5106	1	20	
	29	7145	1	30	
	30	7146	1	20	
	31	11295	1	30	
	32	11296	1	20	
	33	11495	1	30	
	34	11496	1	20	
	35	11695	1	30	
	36	11696	1	20	
	37	11895	1	30	
	38	11896	1	20	
	39	30500	1	60	
	40	30501	1	60	
	41	30502	1	60	
	42	30503	1	60	
	43	30504	1	60	
	44	30505	1	60	
	45	30506	1	60	
	46	30507	1	60	
	47	30508	1	60	
	48	30509	1	60	
	49	30510	1	60	
	50	30511	1	60	
	51	30512	1	60	
	52	30513	1	60	
	53	30514	1	60	
	54	30515	1	60	
	55	30516	1	60	
	56	30517	1	60	
	57	30518	1	60	
	58	30519	1	60	
	59	30520	1	60	
	60	30521	1	60	
	61	30522	1	60	
	62	30523	1	60
	63	70251	1	10000
}

Group	Szel				
{					
	type	drop			
	Mob	6190			
	1	50513	1	100	
}

Group	Nemere				
{					
	type	drop			
	Mob	6191			
	1	185	1	30	
	2	186	1	20	
	3	1135	1	30	
	4	1136	1	20	
	5	3165	1	30	
	6	3166	1	20	
	7	2175	1	30
	8	2176	1	20
	9	5125	1	30
	10	5126	1	20
	11	195	1	30
	12	196	1	20
	13	11295	1	30
	14	11296	1	20
	15	11495	1	30
	16	11496	1	20
	17	11895	1	30
	18	11896	1	20
	19	13063	1	30
	20	13064	1	20
	21	13083	1	30
	22	13084	1	30
	23	13103	1	30
	24	13104	1	20
	25	13123	1	30
	26	13124	1	20
	23	18000	1	15
	24	18010	1	15
	25	18020	1	15
	26	18030	1	15
	27	18040	1	15
	28	70252	1	10000
}
